parking availability[1] = 0
parking availability[2] = 1
parking availability[3] = 0
parking availability[4] = 1
parking availability[5] = 0
Lower bound= 203.44   [1, 2, 5, 1]    parkings: Set([5])
Lower bound= 215.37   [1, 2, 3, 1]    parkings: Set([3])
Lower bound= 217.75   [1, 2, 1]    parkings: Set([2])
Lower bound= 230.03   [1, 2, 4, 5, 1]    parkings: Set([5, 2])
Lower bound= 231.07   [1, 4, 2, 5, 1]    parkings: Set([5, 4])
Lower bound= 238.47   [1, 4, 1]    parkings: Set([4])
Lower bound= 241.97   [1, 2, 4, 3, 1]    parkings: Set([2, 3])
Lower bound= 242.98   [1, 4, 2, 3, 1]    parkings: Set([4, 3])
Lower bound= 244.3   [1, 2, 4, 1]    parkings: Set([4, 2])
Lower bound= 267.77   [1, 4, 3, 2, 5, 1]    parkings: Set([5, 3])

================Iteration 0 of B&P for SP1 [1, 2, 5, 1]================
Start column generation for node N_0, parent node N_0, depth 0


==1==
length of routes pool = 21
LP Objective Value = 1087.69,   sum y = 4.0
y[5, 9, 5] = 0.16  74.03
y[5, 20, 5] = 0.16  45.61
y[5, 24, 5] = 0.16  69.86
y[5, 16, 5] = 0.16  30.59
y[5, 12, 5] = 0.16  32.56
y[5, 21, 5] = 0.16  30.59
y[5, 6, 7, 8, 9, 10, 11, 12, 13, 14, 15, 16, 17, 18, 19, 20, 21, 22, 23, 24, 25, 5] = 0.84  1000.0
y[5, 23, 5] = 0.16  14.0
y[5, 10, 5] = 0.16  42.76
y[5, 15, 5] = 0.16  48.83
y[5, 13, 5] = 0.16  49.48
y[5, 18, 5] = 0.16  37.36
y[5, 7, 5] = 0.16  66.6
y[5, 11, 5] = 0.16  76.55
y[5, 8, 5] = 0.16  64.12
y[5, 17, 5] = 0.16  43.08
y[5, 19, 5] = 0.16  75.47
y[5, 6, 5] = 0.16  64.62
y[5, 14, 5] = 0.16  24.08
y[5, 22, 5] = 0.16  71.81
y[5, 25, 5] = 0.16  68.12
true  2080

==2==
length of routes pool = 2101
LP Objective Value = 853.66,   sum y = 5.0
y[5, 14, 5] = 0.5  24.08
y[5, 18, 5] = 0.5  37.36
y[5, 21, 5] = 0.5  30.59
y[5, 13, 5] = 0.5  49.48
y[5, 25, 5] = 0.5  68.12
y[5, 6, 7, 8, 9, 10, 11, 12, 13, 14, 15, 16, 17, 18, 19, 20, 21, 22, 23, 24, 25, 5] = 0.5  1000.0
y[5, 23, 5] = 0.5  14.0
y[5, 8, 5] = 0.5  64.12
y[5, 11, 9, 19, 7, 24, 22, 15, 5] = 0.5  124.03
y[5, 20, 7, 19, 11, 6, 10, 12, 16, 17, 5] = 0.5  129.66
true  1384

==3==
length of routes pool = 3485
LP Objective Value = 401.77,   sum y = 5.0
y[5, 16, 15, 17, 5] = 1.0  67.28
y[5, 14, 8, 25, 13, 5] = 0.5  69.58
y[5, 23, 5] = 1.0  14.0
y[5, 22, 8, 13, 14, 5] = 0.5  80.33
y[5, 20, 7, 19, 9, 11, 24, 6, 10, 18, 5] = 1.0  100.76
y[5, 12, 21, 5] = 0.5  37.66
y[5, 22, 25, 12, 21, 5] = 0.5  86.01
true  808

==4==
length of routes pool = 4293
LP Objective Value = 357.22,   sum y = 4.11
y[5, 14, 8, 25, 13, 5] = 0.78  69.58
y[5, 12, 18, 15, 17, 16, 5] = 0.33  64.11
y[5, 17, 15, 18, 21, 5] = 0.22  68.02
y[5, 21, 12, 15, 17, 16, 5] = 0.11  68.87
y[5, 14, 21, 23, 5] = 0.22  38.17
y[5, 23, 5] = 0.78  14.0
y[5, 21, 12, 18, 17, 16, 5] = 0.33  64.6
y[5, 12, 8, 25, 22, 15, 5] = 0.11  85.66
y[5, 12, 18, 10, 13, 21, 5] = 0.11  57.49
y[5, 20, 7, 19, 9, 11, 24, 6, 15, 16, 5] = 0.11  109.4
y[5, 20, 7, 19, 9, 11, 24, 6, 22, 10, 5] = 0.89  109.22
y[5, 16, 15, 8, 25, 13, 5] = 0.11  89.84
true  471

==5==
length of routes pool = 4764
LP Objective Value = 357.22,   sum y = 4.11
y[5, 14, 8, 25, 13, 5] = 0.78  69.58
y[5, 12, 18, 15, 17, 16, 5] = 0.33  64.11
y[5, 17, 15, 18, 21, 5] = 0.22  68.02
y[5, 21, 12, 15, 17, 16, 5] = 0.11  68.87
y[5, 14, 21, 23, 5] = 0.22  38.17
y[5, 23, 5] = 0.78  14.0
y[5, 21, 12, 18, 17, 16, 5] = 0.33  64.6
y[5, 12, 8, 25, 22, 15, 5] = 0.11  85.66
y[5, 12, 18, 10, 13, 21, 5] = 0.11  57.49
y[5, 20, 7, 19, 9, 11, 24, 6, 15, 16, 5] = 0.11  109.4
y[5, 20, 7, 19, 9, 11, 24, 6, 22, 10, 5] = 0.89  109.22
y[5, 16, 15, 8, 25, 13, 5] = 0.11  89.84
true  394

==6==
length of routes pool = 5158
LP Objective Value = 357.22,   sum y = 4.11
y[5, 14, 8, 25, 13, 5] = 0.78  69.58
y[5, 12, 18, 15, 17, 16, 5] = 0.33  64.11
y[5, 17, 15, 18, 21, 5] = 0.22  68.02
y[5, 21, 12, 15, 17, 16, 5] = 0.11  68.87
y[5, 14, 21, 23, 5] = 0.22  38.17
y[5, 23, 5] = 0.78  14.0
y[5, 21, 12, 18, 17, 16, 5] = 0.33  64.6
y[5, 12, 8, 25, 22, 15, 5] = 0.11  85.66
y[5, 12, 18, 10, 13, 21, 5] = 0.11  57.49
y[5, 20, 7, 19, 9, 11, 24, 6, 15, 16, 5] = 0.11  109.4
y[5, 20, 7, 19, 9, 11, 24, 6, 22, 10, 5] = 0.89  109.22
y[5, 16, 15, 8, 25, 13, 5] = 0.11  89.84
true  271

==7==
length of routes pool = 5429
LP Objective Value = 357.22,   sum y = 4.11
y[5, 14, 8, 25, 13, 5] = 0.78  69.58
y[5, 12, 18, 15, 17, 16, 5] = 0.33  64.11
y[5, 17, 15, 18, 21, 5] = 0.22  68.02
y[5, 21, 12, 15, 17, 16, 5] = 0.11  68.87
y[5, 14, 21, 23, 5] = 0.22  38.17
y[5, 23, 5] = 0.78  14.0
y[5, 21, 12, 18, 17, 16, 5] = 0.33  64.6
y[5, 12, 8, 25, 22, 15, 5] = 0.11  85.66
y[5, 12, 18, 10, 13, 21, 5] = 0.11  57.49
y[5, 20, 7, 19, 9, 11, 24, 6, 15, 16, 5] = 0.11  109.4
y[5, 20, 7, 19, 9, 11, 24, 6, 22, 10, 5] = 0.89  109.22
y[5, 16, 15, 8, 25, 13, 5] = 0.11  89.84
true  51

==8==
length of routes pool = 5480
LP Objective Value = 352.75,   sum y = 4.0
y[5, 15, 6, 22, 8, 25, 5] = 0.5  87.51
y[5, 14, 8, 25, 13, 5] = 0.5  69.58
y[5, 14, 21, 23, 5] = 0.5  38.17
y[5, 23, 5] = 0.5  14.0
y[5, 12, 18, 10, 13, 21, 5] = 0.5  57.49
y[5, 20, 7, 19, 9, 11, 24, 6, 22, 10, 5] = 0.5  109.22
y[5, 16, 17, 19, 7, 9, 11, 24, 5] = 0.5  99.43
y[5, 16, 17, 20, 15, 18, 12, 5] = 0.5  64.23
true  34

==9==
length of routes pool = 5514
LP Objective Value = 351.7,   sum y = 4.03
y[5, 21, 12, 15, 20, 17, 16, 5] = 0.03  68.99
y[5, 17, 19, 7, 9, 11, 24, 15, 5] = 0.19  100.09
y[5, 15, 6, 22, 8, 25, 5] = 0.35  87.51
y[5, 14, 8, 25, 13, 5] = 0.65  69.58
y[5, 14, 21, 23, 5] = 0.35  38.17
y[5, 23, 5] = 0.65  14.0
y[5, 16, 19, 7, 9, 11, 24, 22, 10, 12, 5] = 0.16  107.15
y[5, 21, 12, 18, 17, 16, 5] = 0.03  64.6
y[5, 12, 18, 10, 13, 21, 5] = 0.35  57.49
y[5, 20, 7, 19, 9, 11, 24, 6, 22, 10, 5] = 0.32  109.22
y[5, 21, 18, 20, 17, 16, 5] = 0.19  66.14
y[5, 20, 7, 19, 9, 11, 24, 6, 10, 21, 5] = 0.03  103.43
y[5, 16, 17, 20, 15, 18, 12, 5] = 0.42  64.23
y[5, 17, 19, 7, 9, 11, 24, 6, 10, 5] = 0.13  99.92
y[5, 16, 19, 7, 9, 11, 24, 6, 22, 5] = 0.16  109.64
true  87

==10==
length of routes pool = 5601
LP Objective Value = 351.7,   sum y = 4.03
y[5, 21, 12, 15, 20, 17, 16, 5] = 0.03  68.99
y[5, 17, 19, 7, 9, 11, 24, 15, 5] = 0.19  100.09
y[5, 15, 6, 22, 8, 25, 5] = 0.35  87.51
y[5, 14, 8, 25, 13, 5] = 0.65  69.58
y[5, 14, 21, 23, 5] = 0.35  38.17
y[5, 23, 5] = 0.65  14.0
y[5, 16, 19, 7, 9, 11, 24, 22, 10, 12, 5] = 0.16  107.15
y[5, 21, 12, 18, 17, 16, 5] = 0.03  64.6
y[5, 12, 18, 10, 13, 21, 5] = 0.35  57.49
y[5, 20, 7, 19, 9, 11, 24, 6, 22, 10, 5] = 0.32  109.22
y[5, 21, 18, 20, 17, 16, 5] = 0.19  66.14
y[5, 20, 7, 19, 9, 11, 24, 6, 10, 21, 5] = 0.03  103.43
y[5, 16, 17, 20, 15, 18, 12, 5] = 0.42  64.23
y[5, 17, 19, 7, 9, 11, 24, 6, 10, 5] = 0.13  99.92
y[5, 16, 19, 7, 9, 11, 24, 6, 22, 5] = 0.16  109.64
true  14

==11==
length of routes pool = 5615
LP Objective Value = 350.51,   sum y = 4.0
y[5, 17, 19, 7, 9, 11, 24, 15, 5] = 0.14  100.09
y[5, 14, 8, 25, 13, 5] = 0.57  69.58
y[5, 16, 17, 20, 19, 7, 9, 11, 24, 5] = 0.14  104.02
y[5, 14, 21, 23, 5] = 0.43  38.17
y[5, 23, 5] = 0.57  14.0
y[5, 16, 19, 7, 9, 11, 24, 22, 10, 12, 5] = 0.14  107.15
y[5, 12, 18, 10, 13, 21, 5] = 0.43  57.49
y[5, 21, 18, 20, 17, 16, 5] = 0.14  66.14
y[5, 20, 19, 7, 9, 11, 24, 6, 22, 10, 5] = 0.29  108.37
y[5, 16, 17, 20, 15, 18, 12, 5] = 0.43  64.23
y[5, 17, 19, 7, 9, 11, 24, 6, 10, 5] = 0.14  99.92
y[5, 16, 19, 7, 9, 11, 24, 6, 22, 5] = 0.14  109.64
y[5, 8, 25, 22, 6, 15, 5] = 0.43  85.13
true  6

==12==
length of routes pool = 5621
LP Objective Value = 350.26,   sum y = 4.0
y[5, 17, 19, 7, 9, 11, 24, 15, 5] = 0.14  100.09
y[5, 14, 8, 25, 13, 5] = 0.57  69.58
y[5, 14, 21, 23, 5] = 0.43  38.17
y[5, 23, 5] = 0.57  14.0
y[5, 12, 18, 10, 13, 21, 5] = 0.43  57.49
y[5, 21, 18, 20, 17, 16, 5] = 0.14  66.14
y[5, 20, 19, 7, 9, 11, 24, 6, 22, 10, 5] = 0.43  108.37
y[5, 16, 17, 19, 7, 9, 11, 24, 10, 5] = 0.14  100.75
y[5, 16, 17, 20, 15, 18, 12, 5] = 0.43  64.23
y[5, 16, 17, 19, 7, 9, 11, 24, 12, 5] = 0.14  100.2
y[5, 16, 19, 7, 9, 11, 24, 6, 22, 5] = 0.14  109.64
y[5, 8, 25, 22, 6, 15, 5] = 0.43  85.13
true  7

==13==
length of routes pool = 5628
LP Objective Value = 350.26,   sum y = 4.0
y[5, 17, 19, 7, 9, 11, 24, 15, 5] = 0.14  100.09
y[5, 14, 8, 25, 13, 5] = 0.57  69.58
y[5, 14, 21, 23, 5] = 0.43  38.17
y[5, 23, 5] = 0.57  14.0
y[5, 12, 18, 10, 13, 21, 5] = 0.43  57.49
y[5, 21, 18, 20, 17, 16, 5] = 0.14  66.14
y[5, 20, 19, 7, 9, 11, 24, 6, 22, 10, 5] = 0.43  108.37
y[5, 16, 17, 19, 7, 9, 11, 24, 10, 5] = 0.14  100.75
y[5, 16, 17, 20, 15, 18, 12, 5] = 0.43  64.23
y[5, 16, 17, 19, 7, 9, 11, 24, 12, 5] = 0.14  100.2
y[5, 16, 19, 7, 9, 11, 24, 6, 22, 5] = 0.14  109.64
y[5, 8, 25, 22, 6, 15, 5] = 0.43  85.13
true  1

==14==
length of routes pool = 5629
LP Objective Value = 350.26,   sum y = 4.0
y[5, 17, 19, 7, 9, 11, 24, 15, 5] = 0.14  100.09
y[5, 14, 8, 25, 13, 5] = 0.57  69.58
y[5, 14, 21, 23, 5] = 0.43  38.17
y[5, 23, 5] = 0.57  14.0
y[5, 12, 18, 10, 13, 21, 5] = 0.43  57.49
y[5, 21, 18, 20, 17, 16, 5] = 0.14  66.14
y[5, 20, 19, 7, 9, 11, 24, 6, 22, 10, 5] = 0.43  108.37
y[5, 16, 17, 19, 7, 9, 11, 24, 10, 5] = 0.14  100.75
y[5, 16, 17, 20, 15, 18, 12, 5] = 0.43  64.23
y[5, 16, 17, 19, 7, 9, 11, 24, 12, 5] = 0.14  100.2
y[5, 16, 19, 7, 9, 11, 24, 6, 22, 5] = 0.14  109.64
y[5, 8, 25, 22, 6, 15, 5] = 0.43  85.13
false  0
Branching stack contains now 1 nodes, current upper bound is Inf

================Iteration 1 of B&P for SP1 [1, 2, 5, 1]================

Display selected node: from 1 nodes
- Branching node in depth: 0

  Branching node with fractional score: 3.71
  Branching node with cg lower bound: 350.26
  Branching node with LB reduction: Inf
  Branching node with FS reduction: Inf
  Total reduction: -0.0

