parking availability[1] = 0
parking availability[2] = 1
parking availability[3] = 0
parking availability[4] = 1
parking availability[5] = 0
Lower bound= 190.02   [1, 2, 3, 1]    parkings: Set([3])
Lower bound= 190.43   [1, 2, 1]    parkings: Set([2])
Lower bound= 196.54   [1, 2, 5, 1]    parkings: Set([5])
Lower bound= 207.45   [1, 4, 1]    parkings: Set([4])
Lower bound= 212.99   [1, 4, 2, 3, 1]    parkings: Set([4, 3])
Lower bound= 213.22   [1, 2, 4, 1]    parkings: Set([4, 2])
Lower bound= 214.32   [1, 2, 4, 3, 1]    parkings: Set([2, 3])
Lower bound= 219.52   [1, 4, 2, 5, 1]    parkings: Set([5, 4])
Lower bound= 220.92   [1, 2, 4, 5, 1]    parkings: Set([5, 2])
Lower bound= 253.77   [1, 4, 3, 2, 5, 1]    parkings: Set([5, 3])


================Iteration 0 of B&P for SP1 [1, 2, 3, 1] parkings[3]================
-------------Iter CG 1-------------
LP Objective Value = 923.64,   sum y = 5.0
x[1, 2, 3, 1],  80.16
y[3, 19, 3] = 0.29  53.85
y[3, 6, 3] = 0.29  36.06
y[3, 6, 7, 8, 9, 10, 11, 12, 13, 14, 15, 16, 17, 18, 19, 20, 3] = 0.71  1000.0
y[3, 15, 3] = 0.29  21.26
y[3, 16, 3] = 0.29  26.91
y[3, 17, 3] = 0.29  29.73
y[3, 12, 3] = 0.29  8.49
y[3, 18, 3] = 0.29  10.2
y[3, 20, 3] = 0.29  24.08
y[3, 11, 3] = 0.29  48.41
y[3, 9, 3] = 0.29  46.69
y[3, 8, 3] = 0.29  41.23
y[3, 10, 3] = 0.29  16.49
y[3, 7, 3] = 0.29  42.05
y[3, 13, 3] = 0.29  32.56
y[3, 14, 3] = 0.29  14.14
true  1352
-------------Iter CG 2-------------
LP Objective Value = 298.37,   sum y = 5.0
x[1, 2, 3, 1],  80.16
y[3, 17, 3] = 1.0  29.73
y[3, 18, 3] = 1.0  10.2
y[3, 13, 3] = 1.0  32.56
y[3, 19, 7, 9, 11, 6, 8, 10, 15, 20, 16, 12, 3] = 1.0  131.58
y[3, 14, 3] = 1.0  14.14
true  790
-------------Iter CG 3-------------
LP Objective Value = 241.6,   sum y = 3.0
x[1, 2, 3, 1],  80.16
y[3, 19, 7, 9, 11, 6, 8, 13, 10, 3] = 1.0  96.08
y[3, 12, 14, 3] = 1.0  16.97
y[3, 16, 17, 20, 15, 18, 3] = 1.0  48.38
true  176
-------------Iter CG 4-------------
LP Objective Value = 241.3,   sum y = 2.5
x[1, 2, 3, 1],  80.16
y[3, 19, 7, 9, 11, 6, 8, 13, 10, 3] = 0.5  96.08
y[3, 14, 10, 18, 3] = 0.5  25.63
y[3, 16, 17, 20, 15, 12, 14, 3] = 0.5  58.49
y[3, 19, 7, 9, 11, 6, 8, 13, 12, 3] = 0.5  93.68
y[3, 16, 17, 20, 15, 18, 3] = 0.5  48.38
true  274
-------------Iter CG 5-------------
LP Objective Value = 239.83,   sum y = 2.33
x[1, 2, 3, 1],  80.16
y[3, 19, 7, 9, 11, 6, 8, 13, 10, 3] = 0.33  96.08
y[3, 14, 13, 8, 10, 18, 3] = 0.33  49.81
y[3, 16, 17, 20, 15, 12, 14, 3] = 0.33  58.49
y[3, 19, 7, 9, 11, 6, 8, 13, 12, 3] = 0.33  93.68
y[3, 19, 7, 9, 11, 6, 10, 12, 14, 3] = 0.33  84.18
y[3, 16, 17, 20, 15, 18, 3] = 0.67  48.38
true  185
-------------Iter CG 6-------------
LP Objective Value = 239.83,   sum y = 2.33
x[1, 2, 3, 1],  80.16
y[3, 19, 7, 9, 11, 6, 8, 13, 10, 3] = 0.33  96.08
y[3, 19, 7, 9, 11, 6, 10, 12, 14, 3] = 0.33  84.18
y[3, 16, 17, 20, 15, 18, 3] = 0.67  48.38
y[3, 14, 13, 8, 10, 18, 3] = 0.33  49.81
y[3, 16, 17, 20, 15, 12, 14, 3] = 0.33  58.49
y[3, 19, 7, 9, 11, 6, 8, 13, 12, 3] = 0.33  93.68
true  65
-------------Iter CG 7-------------
LP Objective Value = 237.89,   sum y = 2.38
x[1, 2, 3, 1],  80.16
y[3, 20, 19, 7, 9, 11, 6, 8, 13, 10, 3] = 0.25  96.43
y[3, 16, 17, 19, 7, 15, 3] = 0.25  66.59
y[3, 20, 19, 7, 9, 11, 6, 10, 18, 12, 3] = 0.25  76.93
y[3, 16, 17, 20, 15, 18, 3] = 0.12  48.38
y[3, 16, 17, 9, 11, 6, 15, 3] = 0.25  75.39
y[3, 14, 12, 18, 3] = 0.13  20.66
y[3, 14, 13, 8, 10, 18, 3] = 0.5  49.81
y[3, 16, 17, 20, 15, 12, 14, 3] = 0.38  58.49
y[3, 19, 7, 9, 11, 6, 8, 13, 12, 3] = 0.25  93.68
true  83
-------------Iter CG 8-------------
LP Objective Value = 230.85,   sum y = 2.33
x[1, 2, 3, 1],  80.16
y[3, 14, 13, 8, 10, 12, 3] = 0.17  50.89
y[3, 20, 19, 7, 9, 11, 6, 8, 13, 10, 3] = 0.5  96.43
y[3, 16, 17, 19, 7, 9, 11, 6, 15, 3] = 0.5  85.71
y[3, 16, 17, 20, 15, 12, 18, 3] = 0.33  53.69
y[3, 14, 12, 18, 3] = 0.33  20.66
y[3, 14, 13, 8, 10, 18, 3] = 0.33  49.81
y[3, 16, 17, 20, 15, 12, 14, 3] = 0.17  58.49
true  81
-------------Iter CG 9-------------
LP Objective Value = 230.85,   sum y = 2.33
x[1, 2, 3, 1],  80.16
y[3, 14, 13, 8, 10, 12, 3] = 0.17  50.89
y[3, 20, 19, 7, 9, 11, 6, 8, 13, 10, 3] = 0.5  96.43
y[3, 16, 17, 19, 7, 9, 11, 6, 15, 3] = 0.5  85.71
y[3, 16, 17, 20, 15, 12, 18, 3] = 0.33  53.69
y[3, 14, 12, 18, 3] = 0.33  20.66
y[3, 14, 13, 8, 10, 18, 3] = 0.33  49.81
y[3, 16, 17, 20, 15, 12, 14, 3] = 0.17  58.49
true  24
-------------Iter CG 10-------------
LP Objective Value = 230.84,   sum y = 2.33
x[1, 2, 3, 1],  80.16
y[3, 12, 13, 8, 10, 18, 3] = 0.17  46.02
y[3, 20, 19, 7, 9, 11, 6, 8, 13, 10, 3] = 0.5  96.43
y[3, 16, 17, 19, 7, 9, 11, 6, 15, 3] = 0.5  85.71
y[3, 16, 17, 20, 15, 12, 18, 3] = 0.17  53.69
y[3, 14, 12, 18, 3] = 0.33  20.66
y[3, 14, 13, 8, 10, 18, 3] = 0.33  49.81
y[3, 16, 17, 20, 15, 12, 14, 3] = 0.33  58.49
true  11
-------------Iter CG 11-------------
LP Objective Value = 229.74,   sum y = 2.33
x[1, 2, 3, 1],  80.16
y[3, 14, 13, 8, 10, 12, 3] = 0.17  50.89
y[3, 20, 19, 7, 9, 11, 6, 8, 13, 10, 3] = 0.5  96.43
y[3, 16, 17, 19, 7, 9, 11, 6, 15, 3] = 0.5  85.71
y[3, 12, 18, 15, 20, 17, 16, 3] = 0.33  50.35
y[3, 14, 12, 18, 3] = 0.33  20.66
y[3, 14, 13, 8, 10, 18, 3] = 0.33  49.81
y[3, 16, 17, 20, 15, 12, 14, 3] = 0.17  58.49
true  5
-------------Iter CG 12-------------
LP Objective Value = 229.36,   sum y = 2.24
x[1, 2, 3, 1],  80.16
y[3, 15, 20, 19, 7, 9, 11, 6, 10, 12, 14, 3] = 0.14  90.33
y[3, 14, 13, 8, 10, 12, 3] = 0.19  50.89
y[3, 16, 17, 20, 19, 7, 9, 11, 6, 10, 12, 3] = 0.14  90.85
y[3, 16, 17, 19, 7, 9, 11, 6, 15, 3] = 0.43  85.71
y[3, 12, 18, 15, 20, 17, 16, 3] = 0.38  50.35
y[3, 20, 19, 7, 9, 11, 6, 8, 13, 3] = 0.29  94.02
y[3, 14, 12, 18, 3] = 0.1  20.66
y[3, 14, 13, 8, 10, 18, 3] = 0.52  49.81
y[3, 16, 17, 20, 15, 12, 14, 3] = 0.05  58.49
true  9
-------------Iter CG 13-------------
LP Objective Value = 228.96,   sum y = 2.25
x[1, 2, 3, 1],  80.16
y[3, 20, 19, 7, 9, 11, 6, 8, 13, 10, 3] = 0.25  96.43
y[3, 16, 17, 20, 19, 7, 9, 11, 6, 10, 12, 3] = 0.25  90.85
y[3, 12, 14, 13, 8, 6, 15, 3] = 0.25  66.81
y[3, 16, 17, 19, 7, 9, 11, 6, 15, 3] = 0.25  85.71
y[3, 12, 18, 15, 20, 17, 16, 3] = 0.25  50.35
y[3, 14, 12, 18, 3] = 0.25  20.66
y[3, 16, 17, 20, 19, 7, 9, 11, 15, 3] = 0.25  84.77
y[3, 14, 13, 8, 10, 18, 3] = 0.5  49.81
true  5
-------------Iter CG 14-------------
LP Objective Value = 228.96,   sum y = 2.25
x[1, 2, 3, 1],  80.16
y[3, 20, 19, 7, 9, 11, 6, 8, 13, 10, 3] = 0.25  96.43
y[3, 16, 17, 20, 19, 7, 9, 11, 6, 10, 12, 3] = 0.25  90.85
y[3, 12, 14, 13, 8, 6, 15, 3] = 0.25  66.81
y[3, 16, 17, 19, 7, 9, 11, 6, 15, 3] = 0.25  85.71
y[3, 12, 18, 15, 20, 17, 16, 3] = 0.25  50.35
y[3, 14, 12, 18, 3] = 0.25  20.66
y[3, 16, 17, 20, 19, 7, 9, 11, 15, 3] = 0.25  84.77
y[3, 14, 13, 8, 10, 18, 3] = 0.5  49.81
true  1
-------------Iter CG 15-------------
LP Objective Value = 228.96,   sum y = 2.25
x[1, 2, 3, 1],  80.16
y[3, 20, 19, 7, 9, 11, 6, 8, 13, 10, 3] = 0.25  96.43
y[3, 16, 17, 20, 19, 7, 9, 11, 6, 10, 12, 3] = 0.25  90.85
y[3, 12, 14, 13, 8, 6, 15, 3] = 0.25  66.81
y[3, 16, 17, 19, 7, 9, 11, 6, 15, 3] = 0.25  85.71
y[3, 12, 18, 15, 20, 17, 16, 3] = 0.25  50.35
y[3, 14, 12, 18, 3] = 0.25  20.66
y[3, 16, 17, 20, 19, 7, 9, 11, 15, 3] = 0.25  84.77
y[3, 14, 13, 8, 10, 18, 3] = 0.5  49.81
false  0
3077
MILP Result:
239.67
[1, 2, 3, 1]    80.16
[3, 18, 3]   10.2
[3, 14, 13, 8, 6, 10, 12, 3]   64.54
[3, 16, 17, 20, 19, 7, 9, 11, 15, 3]   84.77
Branching stack contains now 1 nodes, current upper bound is 239.67


================Iteration 0 of B&P for SP2 [1, 2, 1] parkings[2]================
-------------Iter CG 1-------------
LP Objective Value = 921.77,   sum y = 5.0
x[1, 2, 1],  80.0
y[2, 10, 2] = 0.29  34.06
y[2, 16, 2] = 0.29  39.85
y[2, 6, 2] = 0.29  24.08
y[2, 6, 7, 8, 9, 10, 11, 12, 13, 14, 15, 16, 17, 18, 19, 20, 2] = 0.71  1000.0
y[2, 8, 2] = 0.29  50.16
y[2, 14, 2] = 0.29  48.33
y[2, 7, 2] = 0.29  8.0
y[2, 15, 2] = 0.29  14.56
y[2, 19, 2] = 0.29  22.36
y[2, 12, 2] = 0.29  37.95
y[2, 9, 2] = 0.29  14.56
y[2, 20, 2] = 0.29  17.09
y[2, 11, 2] = 0.29  20.0
y[2, 17, 2] = 0.29  28.07
y[2, 13, 2] = 0.29  54.15
y[2, 18, 2] = 0.29  32.98
true  2378
-------------Iter CG 2-------------
LP Objective Value = 300.1,   sum y = 3.0
x[1, 2, 1],  80.0
y[2, 17, 2] = 1.0  28.07
y[2, 7, 19, 10, 12, 16, 20, 15, 6, 11, 9, 2] = 1.0  111.0
y[2, 13, 8, 14, 18, 2] = 1.0  81.02
true  595
-------------Iter CG 3-------------
LP Objective Value = 268.7,   sum y = 2.5
x[1, 2, 1],  80.0
y[2, 17, 20, 18, 14, 12, 2] = 0.25  67.08
y[2, 13, 8, 10, 14, 18, 2] = 0.25  83.82
y[2, 7, 2] = 0.25  8.0
y[2, 13, 8, 10, 12, 14, 16, 7, 2] = 0.5  103.13
y[2, 19, 9, 11, 6, 15, 20, 17, 16, 2] = 0.5  87.46
y[2, 13, 8, 10, 12, 18, 2] = 0.25  72.97
y[2, 19, 9, 11, 6, 18, 15, 2] = 0.25  67.13
y[2, 17, 20, 15, 6, 11, 9, 19, 7, 2] = 0.25  74.6
true  312
-------------Iter CG 4-------------
LP Objective Value = 256.54,   sum y = 2.67
x[1, 2, 1],  80.0
y[2, 11, 9, 19, 7, 2] = 0.5  37.61
y[2, 13, 8, 10, 14, 18, 2] = 0.17  83.82
y[2, 18, 12, 14, 16, 17, 20, 2] = 0.17  65.27
y[2, 17, 20, 15, 6, 11, 9, 7, 2] = 0.17  61.87
y[2, 19, 9, 11, 6, 15, 20, 17, 16, 2] = 0.17  87.46
y[2, 7, 19, 17, 16, 14, 18, 10, 2] = 0.17  82.36
y[2, 6, 10, 12, 14, 13, 8, 2] = 0.17  81.86
y[2, 6, 10, 18, 12, 13, 8, 2] = 0.33  76.14
y[2, 7, 19, 17, 16, 20, 2] = 0.17  55.27
y[2, 13, 8, 10, 15, 2] = 0.17  65.88
y[2, 15, 18, 12, 14, 16, 20, 2] = 0.17  63.29
y[2, 11, 9, 6, 15, 20, 17, 16, 2] = 0.17  75.38
y[2, 15, 12, 14, 13, 8, 2] = 0.17  71.67
true  245
-------------Iter CG 5-------------
LP Objective Value = 242.94,   sum y = 2.5
x[1, 2, 1],  80.0
y[2, 15, 10, 13, 8, 6, 11, 2] = 0.5  70.08
y[2, 11, 9, 19, 7, 2] = 0.5  37.61
y[2, 18, 12, 14, 16, 17, 20, 2] = 1.0  65.27
y[2, 15, 10, 13, 8, 6, 9, 7, 19, 2] = 0.5  87.64
true  27
-------------Iter CG 6-------------
LP Objective Value = 242.53,   sum y = 2.2
x[1, 2, 1],  80.0
y[2, 7, 19, 17, 16, 14, 12, 10, 15, 2] = 0.2  81.77
y[2, 18, 12, 14, 16, 17, 20, 2] = 0.6  65.27
y[2, 9, 11, 6, 8, 13, 15, 2] = 0.2  70.87
y[2, 7, 19, 9, 11, 6, 8, 13, 10, 2] = 0.6  87.39
y[2, 15, 18, 12, 14, 16, 20, 2] = 0.2  63.29
y[2, 15, 18, 10, 13, 8, 2] = 0.2  64.13
y[2, 17, 20, 15, 6, 11, 9, 19, 7, 2] = 0.2  74.6
true  31
-------------Iter CG 7-------------
LP Objective Value = 241.33,   sum y = 2.22
x[1, 2, 1],  80.0
y[2, 11, 9, 7, 19, 17, 20, 15, 2] = 0.11  65.95
y[2, 7, 19, 17, 16, 14, 12, 10, 15, 2] = 0.11  81.77
y[2, 18, 12, 14, 16, 17, 20, 2] = 0.67  65.27
y[2, 9, 11, 6, 8, 13, 15, 2] = 0.22  70.87
y[2, 15, 12, 14, 13, 8, 6, 2] = 0.11  72.77
y[2, 15, 18, 10, 6, 11, 9, 19, 7, 2] = 0.11  68.54
y[2, 15, 10, 18, 12, 14, 16, 20, 2] = 0.11  67.28
y[2, 7, 19, 9, 11, 6, 8, 13, 10, 2] = 0.56  87.39
y[2, 15, 20, 16, 17, 19, 7, 2] = 0.11  61.21
y[2, 15, 18, 10, 13, 8, 2] = 0.11  64.13
true  5
-------------Iter CG 8-------------
LP Objective Value = 240.67,   sum y = 2.18
x[1, 2, 1],  80.0
y[2, 18, 12, 14, 16, 17, 20, 2] = 0.73  65.27
y[2, 9, 11, 6, 8, 13, 15, 2] = 0.09  70.87
y[2, 15, 18, 10, 12, 16, 17, 20, 2] = 0.09  64.39
y[2, 15, 12, 14, 13, 8, 6, 2] = 0.18  72.77
y[2, 15, 18, 10, 6, 11, 9, 19, 7, 2] = 0.18  68.54
y[2, 15, 10, 14, 13, 8, 6, 2] = 0.09  75.75
y[2, 7, 19, 17, 16, 20, 15, 11, 9, 2] = 0.09  78.71
y[2, 7, 19, 9, 11, 6, 8, 13, 10, 2] = 0.45  87.39
y[2, 7, 19, 9, 11, 8, 13, 10, 15, 2] = 0.18  87.33
y[2, 15, 20, 16, 17, 19, 7, 2] = 0.09  61.21
true  5
-------------Iter CG 9-------------
LP Objective Value = 239.53,   sum y = 2.33
x[1, 2, 1],  80.0
y[2, 11, 9, 19, 7, 2] = 0.33  37.61
y[2, 15, 18, 13, 8, 6, 2] = 0.33  64.16
y[2, 20, 17, 16, 14, 12, 18, 10, 2] = 0.67  68.97
y[2, 15, 12, 14, 13, 8, 6, 2] = 0.33  72.77
y[2, 7, 19, 17, 16, 20, 15, 11, 9, 2] = 0.33  78.71
y[2, 7, 19, 9, 11, 6, 8, 13, 10, 2] = 0.33  87.39
true  5
-------------Iter CG 10-------------
LP Objective Value = 239.53,   sum y = 2.33
x[1, 2, 1],  80.0
y[2, 11, 9, 19, 7, 2] = 0.33  37.61
y[2, 15, 18, 13, 8, 6, 2] = 0.33  64.16
y[2, 20, 17, 16, 14, 12, 18, 10, 2] = 0.67  68.97
y[2, 15, 12, 14, 13, 8, 6, 2] = 0.33  72.77
y[2, 7, 19, 17, 16, 20, 15, 11, 9, 2] = 0.33  78.71
y[2, 7, 19, 9, 11, 6, 8, 13, 10, 2] = 0.33  87.39
true  2
-------------Iter CG 11-------------
LP Objective Value = 239.53,   sum y = 2.33
x[1, 2, 1],  80.0
y[2, 11, 9, 19, 7, 2] = 0.33  37.61
y[2, 15, 18, 13, 8, 6, 2] = 0.33  64.16
y[2, 20, 17, 16, 14, 12, 18, 10, 2] = 0.67  68.97
y[2, 15, 12, 14, 13, 8, 6, 2] = 0.33  72.77
y[2, 7, 19, 17, 16, 20, 15, 11, 9, 2] = 0.33  78.71
y[2, 7, 19, 9, 11, 6, 8, 13, 10, 2] = 0.33  87.39
false  0
3621
MILP Result:
242.3
[1, 2, 1]    80.0
[2, 7, 19, 2]   22.46
[2, 9, 11, 6, 8, 13, 15, 2]   70.87
[2, 20, 17, 16, 14, 12, 18, 10, 2]   68.97
Branching stack contains now 1 nodes, current upper bound is 239.67


================Iteration 0 of B&P for SP3 [1, 2, 5, 1] parkings[5]================
-------------Iter CG 1-------------
LP Objective Value = 993.24,   sum y = 5.0
x[1, 2, 5, 1],  80.59
y[5, 15, 5] = 0.29  42.8
y[5, 18, 5] = 0.29  31.05
y[5, 6, 7, 8, 9, 10, 11, 12, 13, 14, 15, 16, 17, 18, 19, 20, 5] = 0.71  1000.0
y[5, 14, 5] = 0.29  18.44
y[5, 20, 5] = 0.29  40.5
y[5, 6, 5] = 0.29  58.31
y[5, 9, 5] = 0.29  68.12
y[5, 11, 5] = 0.29  70.46
y[5, 10, 5] = 0.29  36.5
y[5, 8, 5] = 0.29  58.31
y[5, 12, 5] = 0.29  26.31
y[5, 7, 5] = 0.29  61.22
y[5, 17, 5] = 0.29  39.29
y[5, 19, 5] = 0.29  70.71
y[5, 13, 5] = 0.29  44.27
y[5, 16, 5] = 0.29  28.0
true  1425
-------------Iter CG 2-------------
LP Objective Value = 374.86,   sum y = 5.0
x[1, 2, 5, 1],  80.59
y[5, 18, 5] = 1.0  31.05
y[5, 19, 9, 11, 7, 20, 12, 10, 8, 6, 15, 16, 5] = 1.0  161.22
y[5, 14, 5] = 1.0  18.44
y[5, 13, 5] = 1.0  44.27
y[5, 17, 5] = 1.0  39.29
true  657
-------------Iter CG 3-------------
LP Objective Value = 304.07,   sum y = 2.5
x[1, 2, 5, 1],  80.59
y[5, 13, 8, 12, 14, 5] = 0.17  62.72
y[5, 16, 20, 15, 8, 13, 14, 5] = 0.17  83.78
y[5, 13, 8, 12, 18, 5] = 0.17  66.2
y[5, 19, 9, 11, 7, 20, 6, 10, 12, 14, 5] = 0.67  122.19
y[5, 13, 8, 15, 20, 17, 5] = 0.17  84.26
y[5, 19, 9, 11, 7, 6, 8, 13, 10, 5] = 0.33  129.5
y[5, 16, 17, 15, 18, 5] = 0.83  59.23
true  558
-------------Iter CG 4-------------
LP Objective Value = 289.04,   sum y = 2.33
x[1, 2, 5, 1],  80.59
y[5, 14, 13, 10, 18, 12, 5] = 0.33  51.8
y[5, 19, 9, 11, 7, 20, 17, 5] = 0.19  99.06
y[5, 19, 9, 11, 7, 6, 8, 13, 12, 5] = 0.29  126.0
y[5, 16, 20, 15, 8, 13, 14, 5] = 0.24  83.78
y[5, 19, 9, 11, 7, 6, 8, 10, 18, 5] = 0.1  123.08
y[5, 14, 10, 6, 9, 20, 17, 16, 5] = 0.19  85.81
y[5, 19, 9, 11, 7, 20, 15, 6, 10, 12, 14, 5] = 0.14  122.52
y[5, 16, 17, 15, 8, 13, 5] = 0.14  85.57
y[5, 20, 7, 19, 11, 6, 8, 10, 12, 14, 5] = 0.05  110.3
y[5, 19, 9, 11, 7, 6, 15, 20, 17, 5] = 0.05  121.1
y[5, 19, 9, 11, 7, 6, 8, 10, 12, 14, 5] = 0.05  124.37
y[5, 20, 7, 19, 11, 6, 8, 10, 12, 18, 5] = 0.14  113.78
y[5, 16, 17, 15, 18, 5] = 0.43  59.23
true  623
-------------Iter CG 5-------------
LP Objective Value = 264.04,   sum y = 2.14
x[1, 2, 5, 1],  80.59
y[5, 14, 12, 15, 7, 19, 20, 17, 16, 5] = 0.29  87.67
y[5, 16, 17, 7, 19, 9, 11, 6, 10, 12, 5] = 0.14  99.06
y[5, 14, 13, 8, 10, 18, 5] = 0.57  62.38
y[5, 16, 17, 7, 19, 9, 11, 6, 15, 5] = 0.43  100.37
y[5, 14, 10, 6, 11, 9, 20, 18, 12, 5] = 0.14  89.78
y[5, 12, 10, 6, 9, 11, 20, 17, 16, 5] = 0.14  90.59
y[5, 20, 15, 8, 13, 18, 12, 5] = 0.29  84.92
y[5, 20, 7, 19, 9, 11, 6, 8, 13, 5] = 0.14  108.93
true  108
-------------Iter CG 6-------------
LP Objective Value = 257.81,   sum y = 2.2
x[1, 2, 5, 1],  80.59
y[5, 16, 17, 7, 19, 9, 11, 6, 10, 12, 5] = 0.2  99.06
y[5, 14, 13, 8, 10, 18, 5] = 0.6  62.38
y[5, 14, 12, 15, 7, 19, 9, 11, 6, 10, 5] = 0.2  100.88
y[5, 16, 17, 7, 19, 9, 11, 6, 15, 5] = 0.2  100.37
y[5, 12, 18, 15, 20, 17, 16, 5] = 0.4  59.81
y[5, 16, 17, 20, 15, 12, 14, 5] = 0.2  61.19
y[5, 20, 7, 19, 9, 11, 6, 8, 13, 5] = 0.4  108.93
true  23
-------------Iter CG 7-------------
LP Objective Value = 257.08,   sum y = 2.19
x[1, 2, 5, 1],  80.59
y[5, 20, 19, 7, 9, 11, 6, 15, 12, 14, 5] = 0.19  99.64
y[5, 16, 17, 7, 19, 9, 11, 6, 10, 12, 5] = 0.25  99.06
y[5, 14, 13, 8, 10, 18, 5] = 0.62  62.38
y[5, 15, 9, 11, 6, 8, 13, 5] = 0.06  92.18
y[5, 14, 12, 15, 7, 19, 17, 16, 5] = 0.06  83.08
y[5, 16, 17, 7, 19, 9, 11, 6, 15, 5] = 0.19  100.37
y[5, 20, 19, 7, 9, 11, 6, 8, 13, 5] = 0.31  108.09
y[5, 12, 18, 15, 20, 17, 16, 5] = 0.38  59.81
y[5, 14, 12, 10, 15, 20, 17, 16, 5] = 0.12  64.63
true  13
-------------Iter CG 8-------------
LP Objective Value = 256.27,   sum y = 2.17
x[1, 2, 5, 1],  80.59
y[5, 16, 17, 7, 19, 9, 11, 6, 10, 12, 5] = 0.17  99.06
y[5, 14, 13, 8, 10, 18, 5] = 0.67  62.38
y[5, 16, 17, 7, 19, 9, 11, 6, 15, 5] = 0.17  100.37
y[5, 20, 19, 7, 9, 11, 6, 8, 13, 5] = 0.33  108.09
y[5, 12, 15, 6, 11, 9, 7, 19, 17, 5] = 0.17  99.06
y[5, 12, 18, 15, 20, 17, 16, 5] = 0.33  59.81
y[5, 14, 12, 10, 15, 20, 17, 16, 5] = 0.17  64.63
y[5, 14, 12, 15, 6, 11, 9, 19, 7, 20, 16, 5] = 0.17  105.64
true  27
-------------Iter CG 9-------------
LP Objective Value = 253.92,   sum y = 2.12
x[1, 2, 5, 1],  80.59
y[5, 14, 13, 8, 6, 15, 12, 5] = 0.12  80.36
y[5, 14, 13, 8, 10, 18, 5] = 0.75  62.38
y[5, 12, 15, 6, 11, 9, 19, 7, 20, 17, 5] = 0.12  104.49
y[5, 16, 17, 19, 7, 9, 11, 6, 15, 5] = 0.25  97.03
y[5, 20, 19, 7, 9, 11, 6, 8, 13, 5] = 0.12  108.09
y[5, 12, 18, 15, 20, 17, 16, 5] = 0.25  59.81
y[5, 16, 17, 20, 19, 7, 9, 11, 15, 12, 5] = 0.12  99.54
y[5, 14, 12, 15, 6, 11, 9, 19, 7, 20, 16, 5] = 0.12  105.64
y[5, 16, 17, 20, 19, 7, 9, 11, 6, 10, 12, 5] = 0.25  100.31
true  3
-------------Iter CG 10-------------
LP Objective Value = 253.92,   sum y = 2.12
x[1, 2, 5, 1],  80.59
y[5, 14, 13, 8, 6, 15, 12, 5] = 0.13  80.36
y[5, 14, 13, 8, 10, 18, 5] = 0.75  62.38
y[5, 12, 15, 6, 11, 9, 19, 7, 20, 17, 5] = 0.12  104.49
y[5, 16, 17, 19, 7, 9, 11, 6, 15, 5] = 0.25  97.03
y[5, 20, 19, 7, 9, 11, 6, 8, 13, 5] = 0.12  108.09
y[5, 12, 18, 15, 20, 17, 16, 5] = 0.25  59.81
y[5, 16, 17, 20, 19, 7, 9, 11, 15, 12, 5] = 0.13  99.54
y[5, 14, 12, 15, 6, 11, 9, 19, 7, 20, 16, 5] = 0.12  105.64
y[5, 16, 17, 20, 19, 7, 9, 11, 6, 10, 12, 5] = 0.25  100.31
false  0
3453
MILP Result:
275.16
[1, 2, 5, 1]    80.59
[5, 14, 5]   18.44
[5, 13, 8, 15, 18, 5]   75.82
[5, 16, 17, 20, 19, 7, 9, 11, 6, 10, 12, 5]   100.31
Branching stack contains now 1 nodes, current upper bound is 239.67


================Iteration 0 of B&P for SP4 [1, 4, 1] parkings[4]================
-------------Iter CG 1-------------
LP Objective Value = 986.07,   sum y = 5.0
x[1, 4, 1],  98.41
y[4, 12, 4] = 0.29  55.46
y[4, 9, 4] = 0.29  10.2
y[4, 16, 4] = 0.29  56.36
y[4, 7, 4] = 0.29  13.42
y[4, 6, 7, 8, 9, 10, 11, 12, 13, 14, 15, 16, 17, 18, 19, 20, 4] = 0.71  1000.0
y[4, 15, 4] = 0.29  32.25
y[4, 18, 4] = 0.29  50.16
y[4, 19, 4] = 0.29  17.89
y[4, 20, 4] = 0.29  34.41
y[4, 17, 4] = 0.29  43.08
y[4, 11, 4] = 0.29  16.12
y[4, 14, 4] = 0.29  66.24
y[4, 13, 4] = 0.29  68.47
y[4, 8, 4] = 0.29  60.53
y[4, 6, 4] = 0.29  32.25
y[4, 10, 4] = 0.29  50.0
true  2991
-------------Iter CG 2-------------
LP Objective Value = 346.87,   sum y = 4.0
x[1, 4, 1],  98.41
y[4, 16, 17, 4] = 0.5  56.79
y[4, 9, 4] = 0.5  10.2
y[4, 11, 4] = 0.5  16.12
y[4, 8, 10, 20, 17, 4] = 0.5  86.31
y[4, 7, 19, 4] = 0.5  22.93
y[4, 13, 14, 12, 18, 15, 4] = 0.5  81.06
y[4, 7, 10, 12, 16, 20, 15, 8, 6, 11, 9, 19, 4] = 0.5  137.78
y[4, 13, 14, 12, 18, 6, 4] = 0.5  85.74
true  919
-------------Iter CG 3-------------
LP Objective Value = 292.97,   sum y = 2.33
x[1, 4, 1],  98.41
y[4, 7, 19, 17, 20, 15, 6, 11, 9, 4] = 0.07  72.62
y[4, 7, 20, 17, 16, 14, 18, 12, 4] = 0.11  88.14
y[4, 11, 9, 7, 19, 4] = 0.15  35.17
y[4, 19, 7, 17, 20, 15, 8, 6, 11, 4] = 0.07  96.05
y[4, 13, 14, 12, 18, 10, 15, 4] = 0.33  85.06
y[4, 13, 14, 12, 10, 8, 9, 4] = 0.07  100.8
y[4, 11, 6, 8, 18, 14, 12, 4] = 0.11  88.95
y[4, 19, 7, 9, 4] = 0.07  28.6
y[4, 19, 17, 16, 14, 8, 6, 7, 4] = 0.15  107.48
y[4, 9, 11, 6, 8, 13, 4] = 0.22  75.25
y[4, 13, 8, 10, 12, 18, 4] = 0.22  88.72
y[4, 7, 20, 17, 16, 14, 18, 10, 4] = 0.22  85.74
y[4, 13, 8, 10, 12, 16, 20, 15, 7, 19, 4] = 0.11  124.52
y[4, 13, 8, 10, 12, 16, 20, 15, 7, 9, 4] = 0.04  120.67
y[4, 19, 17, 16, 20, 15, 6, 11, 9, 4] = 0.37  79.72
true  233
-------------Iter CG 4-------------
LP Objective Value = 281.16,   sum y = 2.12
x[1, 4, 1],  98.41
y[4, 19, 7, 15, 10, 13, 8, 6, 9, 4] = 0.25  87.13
y[4, 7, 20, 17, 16, 14, 18, 12, 4] = 0.5  88.14
y[4, 11, 6, 8, 18, 14, 12, 4] = 0.12  88.95
y[4, 9, 11, 8, 13, 10, 12, 15, 4] = 0.25  84.02
y[4, 19, 7, 15, 10, 13, 8, 6, 11, 4] = 0.25  88.26
y[4, 19, 20, 17, 16, 14, 18, 10, 4] = 0.25  92.58
y[4, 9, 11, 6, 8, 13, 4] = 0.12  75.25
y[4, 13, 14, 12, 18, 9, 4] = 0.12  81.91
y[4, 19, 17, 16, 20, 15, 6, 11, 9, 4] = 0.25  79.72
true  160
-------------Iter CG 5-------------
LP Objective Value = 276.33,   sum y = 2.09
x[1, 4, 1],  98.41
y[4, 19, 7, 15, 10, 13, 8, 6, 9, 4] = 0.18  87.13
y[4, 7, 20, 17, 16, 14, 18, 12, 4] = 0.45  88.14
y[4, 11, 6, 8, 13, 14, 12, 10, 4] = 0.18  89.12
y[4, 9, 8, 13, 12, 18, 10, 4] = 0.09  82.25
y[4, 19, 17, 16, 14, 18, 12, 4] = 0.09  90.39
y[4, 7, 20, 16, 14, 12, 18, 15, 9, 4] = 0.09  82.63
y[4, 11, 6, 8, 13, 10, 18, 4] = 0.18  79.05
y[4, 19, 17, 20, 15, 6, 11, 9, 4] = 0.09  67.57
y[4, 19, 20, 17, 16, 14, 18, 10, 4] = 0.09  92.58
y[4, 9, 11, 8, 13, 10, 15, 7, 19, 4] = 0.27  88.54
y[4, 6, 8, 13, 14, 12, 15, 4] = 0.09  85.7
y[4, 19, 17, 16, 20, 15, 6, 11, 9, 4] = 0.27  79.72
true  24
-------------Iter CG 6-------------
LP Objective Value = 274.78,   sum y = 2.14
x[1, 4, 1],  98.41
y[4, 19, 7, 15, 10, 13, 8, 6, 9, 4] = 0.43  87.13
y[4, 19, 17, 20, 15, 11, 9, 4] = 0.14  62.05
y[4, 11, 6, 8, 13, 14, 12, 10, 4] = 0.29  89.12
y[4, 19, 17, 16, 14, 12, 18, 4] = 0.14  84.91
y[4, 19, 17, 16, 20, 15, 11, 9, 4] = 0.29  74.2
y[4, 7, 20, 16, 14, 12, 18, 15, 9, 4] = 0.14  82.63
y[4, 11, 6, 8, 13, 10, 18, 4] = 0.29  79.05
y[4, 7, 17, 16, 14, 12, 18, 20, 4] = 0.43  86.29
true  20
-------------Iter CG 7-------------
LP Objective Value = 274.02,   sum y = 2.09
x[1, 4, 1],  98.41
y[4, 11, 6, 8, 13, 14, 12, 10, 4] = 0.13  89.12
y[4, 7, 17, 16, 14, 12, 18, 10, 4] = 0.22  83.65
y[4, 19, 17, 16, 14, 12, 18, 4] = 0.26  84.91
y[4, 11, 6, 8, 13, 14, 12, 7, 4] = 0.04  88.54
y[4, 9, 8, 13, 10, 18, 20, 7, 4] = 0.26  83.77
y[4, 19, 7, 20, 14, 12, 18, 10, 15, 9, 4] = 0.09  85.48
y[4, 7, 20, 14, 13, 8, 6, 11, 4] = 0.13  89.81
y[4, 11, 6, 8, 13, 10, 18, 4] = 0.04  79.05
y[4, 9, 11, 8, 13, 10, 15, 7, 19, 4] = 0.13  88.54
y[4, 6, 8, 13, 14, 12, 15, 4] = 0.13  85.7
y[4, 7, 15, 18, 12, 10, 13, 8, 4] = 0.13  84.69
y[4, 19, 17, 16, 20, 15, 6, 11, 9, 4] = 0.52  79.72
true  1
-------------Iter CG 8-------------
LP Objective Value = 274.02,   sum y = 2.09
x[1, 4, 1],  98.41
y[4, 11, 6, 8, 13, 14, 12, 10, 4] = 0.13  89.12
y[4, 7, 17, 16, 14, 12, 18, 10, 4] = 0.22  83.65
y[4, 19, 17, 16, 14, 12, 18, 4] = 0.26  84.91
y[4, 11, 6, 8, 13, 14, 12, 7, 4] = 0.04  88.54
y[4, 9, 8, 13, 10, 18, 20, 7, 4] = 0.26  83.77
y[4, 19, 7, 20, 14, 12, 18, 10, 15, 9, 4] = 0.09  85.48
y[4, 7, 20, 14, 13, 8, 6, 11, 4] = 0.13  89.81
y[4, 11, 6, 8, 13, 10, 18, 4] = 0.04  79.05
y[4, 9, 11, 8, 13, 10, 15, 7, 19, 4] = 0.13  88.54
y[4, 6, 8, 13, 14, 12, 15, 4] = 0.13  85.7
y[4, 7, 15, 18, 12, 10, 13, 8, 4] = 0.13  84.69
y[4, 19, 17, 16, 20, 15, 6, 11, 9, 4] = 0.52  79.72
false  0
4364
MILP Result:
281.26
[1, 4, 1]    98.41
[4, 9, 4]   10.2
[4, 19, 17, 16, 12, 18, 10, 15, 4]   82.84
[4, 7, 20, 14, 13, 8, 6, 11, 4]   89.81
Branching stack contains now 1 nodes, current upper bound is 239.67


================Iteration 0 of B&P for SP5 [1, 4, 2, 3, 1] parkings[4, 3]================
-------------Iter CG 1-------------
LP Objective Value = 242.95,   sum y = 2.5
x[1, 4, 2, 3, 1],  98.59
y[4, 11, 9, 7, 19, 4] = 0.33  35.17
y[3, 16, 17, 20, 19, 7, 9, 11, 6, 10, 12, 3] = 0.17  90.85
y[4, 19, 7, 9, 4] = 0.17  28.6
y[3, 12, 14, 13, 8, 6, 15, 3] = 0.33  66.81
y[3, 12, 18, 15, 20, 17, 16, 3] = 0.33  50.35
y[3, 16, 17, 20, 7, 9, 11, 6, 10, 12, 3] = 0.17  78.97
y[3, 14, 13, 8, 10, 18, 3] = 0.67  49.81
y[4, 7, 19, 17, 16, 20, 15, 6, 11, 4] = 0.17  84.12
y[4, 19, 17, 16, 20, 15, 6, 11, 9, 4] = 0.17  79.72
true  94
-------------Iter CG 2-------------
LP Objective Value = 241.3,   sum y = 2.56
x[1, 4, 2, 3, 1],  98.59
y[3, 16, 17, 20, 15, 10, 18, 3] = 0.33  52.37
y[4, 11, 9, 7, 19, 4] = 0.22  35.17
y[3, 16, 17, 20, 7, 9, 11, 4] = 0.11  56.43
y[3, 16, 17, 20, 7, 9, 11, 6, 15, 3] = 0.11  78.41
y[4, 19, 7, 9, 11, 6, 8, 13, 12, 3] = 0.33  75.7
y[3, 12, 14, 13, 8, 6, 15, 3] = 0.33  66.81
y[3, 14, 13, 8, 10, 18, 3] = 0.33  49.81
y[3, 16, 17, 20, 7, 19, 4] = 0.22  53.7
y[3, 14, 12, 10, 18, 3] = 0.33  26.09
y[4, 19, 17, 16, 20, 15, 6, 11, 9, 4] = 0.22  79.72
true  60
-------------Iter CG 3-------------
LP Objective Value = 236.66,   sum y = 2.33
x[1, 4, 2, 3, 1],  98.59
y[3, 16, 17, 20, 15, 10, 18, 12, 3] = 0.33  54.34
y[4, 19, 7, 9, 11, 6, 8, 13, 10, 3] = 0.33  78.1
y[3, 14, 16, 17, 20, 15, 7, 19, 4] = 0.33  73.44
y[4, 19, 7, 9, 11, 6, 8, 13, 12, 3] = 0.33  75.7
y[3, 16, 17, 20, 15, 6, 11, 9, 4] = 0.33  62.18
y[3, 14, 12, 18, 3] = 0.33  20.66
y[3, 14, 13, 8, 10, 18, 3] = 0.33  49.81
true  21
-------------Iter CG 4-------------
LP Objective Value = 236.66,   sum y = 2.33
x[1, 4, 2, 3, 1],  98.59
y[3, 16, 17, 20, 15, 10, 18, 12, 3] = 0.33  54.34
y[4, 19, 7, 9, 11, 6, 8, 13, 10, 3] = 0.33  78.1
y[3, 14, 16, 17, 20, 15, 7, 19, 4] = 0.33  73.44
y[4, 19, 7, 9, 11, 6, 8, 13, 12, 3] = 0.33  75.7
y[3, 16, 17, 20, 15, 6, 11, 9, 4] = 0.33  62.18
y[3, 14, 12, 18, 3] = 0.33  20.66
y[3, 14, 13, 8, 10, 18, 3] = 0.33  49.81
true  6
-------------Iter CG 5-------------
LP Objective Value = 236.66,   sum y = 2.33
x[1, 4, 2, 3, 1],  98.59
y[3, 16, 17, 20, 15, 10, 18, 12, 3] = 0.33  54.34
y[4, 19, 7, 9, 11, 6, 8, 13, 10, 3] = 0.33  78.1
y[3, 14, 16, 17, 20, 15, 7, 19, 4] = 0.33  73.44
y[4, 19, 7, 9, 11, 6, 8, 13, 12, 3] = 0.33  75.7
y[3, 16, 17, 20, 15, 6, 11, 9, 4] = 0.33  62.18
y[3, 14, 12, 18, 3] = 0.33  20.66
y[3, 14, 13, 8, 10, 18, 3] = 0.33  49.81
false  0
7654
MILP Result:
243.43
[1, 4, 2, 3, 1]    98.59
[3, 14, 12, 10, 18, 3]   26.09
[4, 9, 11, 6, 8, 13, 3]   57.29
[3, 16, 17, 20, 15, 7, 19, 4]   61.47
Branching stack contains now 1 nodes, current upper bound is 239.67


================Iteration 0 of B&P for SP6 [1, 2, 4, 1] parkings[4, 2]================
-------------Iter CG 1-------------
LP Objective Value = 256.84,   sum y = 2.5
x[1, 2, 4, 1],  98.42
y[2, 15, 18, 13, 8, 6, 2] = 0.25  64.16
y[2, 9, 11, 6, 8, 13, 15, 2] = 0.25  70.87
y[2, 20, 17, 16, 14, 12, 18, 10, 2] = 0.75  68.97
y[2, 15, 12, 14, 13, 8, 6, 2] = 0.25  72.77
y[2, 7, 19, 9, 11, 6, 8, 13, 10, 2] = 0.25  87.39
y[2, 15, 20, 16, 17, 19, 7, 2] = 0.25  61.21
y[4, 19, 7, 9, 11, 4] = 0.5  35.17
true  28
-------------Iter CG 2-------------
LP Objective Value = 256.84,   sum y = 2.5
x[1, 2, 4, 1],  98.42
y[4, 11, 9, 7, 19, 4] = 0.5  35.17
y[2, 15, 18, 13, 8, 6, 2] = 0.25  64.16
y[2, 9, 11, 6, 8, 13, 15, 2] = 0.25  70.87
y[2, 20, 17, 16, 14, 12, 18, 10, 2] = 0.75  68.97
y[2, 15, 12, 14, 13, 8, 6, 2] = 0.25  72.77
y[2, 7, 19, 9, 11, 6, 8, 13, 10, 2] = 0.25  87.39
y[2, 15, 20, 16, 17, 19, 7, 2] = 0.25  61.21
true  38
-------------Iter CG 3-------------
LP Objective Value = 256.24,   sum y = 2.33
x[1, 2, 4, 1],  98.42
y[4, 11, 9, 7, 19, 4] = 0.33  35.17
y[2, 15, 18, 13, 8, 6, 2] = 0.33  64.16
y[2, 20, 17, 16, 14, 12, 18, 10, 2] = 0.67  68.97
y[2, 15, 12, 14, 13, 8, 6, 2] = 0.33  72.77
y[2, 7, 19, 17, 16, 20, 15, 11, 9, 4] = 0.33  76.53
y[4, 19, 7, 9, 11, 6, 8, 13, 10, 2] = 0.33  86.89
true  5
-------------Iter CG 4-------------
LP Objective Value = 256.24,   sum y = 2.33
x[1, 2, 4, 1],  98.42
y[4, 11, 9, 7, 19, 4] = 0.33  35.17
y[2, 15, 18, 13, 8, 6, 2] = 0.33  64.16
y[2, 20, 17, 16, 14, 12, 18, 10, 2] = 0.67  68.97
y[2, 15, 12, 14, 13, 8, 6, 2] = 0.33  72.77
y[2, 7, 19, 17, 16, 20, 15, 11, 9, 4] = 0.33  76.53
y[4, 19, 7, 9, 11, 6, 8, 13, 10, 2] = 0.33  86.89
true  2
-------------Iter CG 5-------------
LP Objective Value = 256.24,   sum y = 2.33
x[1, 2, 4, 1],  98.42
y[4, 11, 9, 7, 19, 4] = 0.33  35.17
y[2, 15, 18, 13, 8, 6, 2] = 0.33  64.16
y[2, 20, 17, 16, 14, 12, 18, 10, 2] = 0.67  68.97
y[2, 15, 12, 14, 13, 8, 6, 2] = 0.33  72.77
y[2, 7, 19, 17, 16, 20, 15, 11, 9, 4] = 0.33  76.53
y[4, 19, 7, 9, 11, 6, 8, 13, 10, 2] = 0.33  86.89
false  0
8092
MILP Result:
256.31
[1, 2, 4, 1]    98.42
[2, 20, 17, 16, 14, 12, 18, 10, 2]   68.97
[2, 7, 19, 4]   20.22
[4, 9, 11, 6, 8, 13, 15, 2]   68.69
Branching stack contains now 1 nodes, current upper bound is 239.67


================Iteration 0 of B&P for SP7 [1, 2, 4, 3, 1] parkings[2, 3]================
-------------Iter CG 1-------------
LP Objective Value = 243.38,   sum y = 2.75
x[1, 2, 4, 3, 1],  98.52
y[3, 14, 13, 8, 10, 12, 3] = 0.5  50.89
y[2, 15, 6, 11, 9, 19, 7, 2] = 0.25  54.31
y[2, 6, 11, 9, 19, 7, 2] = 0.5  48.87
y[2, 9, 11, 6, 15, 20, 16, 17, 2] = 0.25  70.02
y[3, 12, 18, 15, 20, 17, 16, 3] = 0.5  50.35
y[2, 7, 19, 17, 16, 20, 2] = 0.25  55.27
y[3, 14, 13, 8, 10, 18, 3] = 0.5  49.81
true  74
-------------Iter CG 2-------------
LP Objective Value = 237.36,   sum y = 2.5
x[1, 2, 4, 3, 1],  98.52
y[3, 16, 17, 20, 15, 6, 11, 9, 2] = 0.5  64.36
y[2, 7, 19, 9, 11, 6, 8, 13, 12, 3] = 0.5  76.2
y[2, 15, 20, 16, 17, 19, 7, 2] = 0.5  61.21
y[3, 14, 13, 8, 10, 18, 3] = 0.5  49.81
y[3, 14, 12, 10, 18, 3] = 0.5  26.09
true  5
-------------Iter CG 3-------------
LP Objective Value = 237.3,   sum y = 2.29
x[1, 2, 4, 3, 1],  98.52
y[2, 7, 19, 9, 11, 6, 10, 18, 14, 3] = 0.03  67.59
y[3, 14, 12, 10, 15, 20, 17, 16, 3] = 0.09  61.94
y[3, 16, 17, 20, 15, 10, 18, 12, 3] = 0.09  54.34
y[3, 16, 17, 20, 15, 6, 11, 9, 2] = 0.41  64.36
y[2, 7, 19, 9, 11, 6, 8, 13, 12, 3] = 0.38  76.2
y[3, 12, 14, 16, 17, 20, 19, 7, 2] = 0.18  68.16
y[2, 15, 20, 16, 17, 19, 7, 2] = 0.24  61.21
y[3, 14, 12, 18, 3] = 0.09  20.66
y[3, 14, 13, 8, 10, 18, 3] = 0.62  49.81
y[2, 7, 19, 9, 11, 6, 15, 10, 18, 12, 3] = 0.18  67.31
false  0
6844
MILP Result:
243.47
[1, 2, 4, 3, 1]    98.52
[3, 18, 3]   10.2
[3, 12, 14, 16, 17, 20, 15, 2]   56.14
[2, 7, 19, 9, 11, 6, 8, 13, 10, 3]   78.61
Branching stack contains now 1 nodes, current upper bound is 239.67


================Iteration 0 of B&P for SP8 [1, 4, 2, 5, 1] parkings[5, 4]================
-------------Iter CG 1-------------
LP Objective Value = 258.15,   sum y = 2.5
x[1, 4, 2, 5, 1],  99.01
y[4, 11, 9, 4] = 0.5  16.77
y[4, 19, 7, 15, 10, 13, 8, 6, 9, 4] = 0.5  87.13
y[4, 19, 7, 15, 10, 13, 8, 6, 11, 4] = 0.5  88.26
y[5, 14, 18, 12, 20, 17, 16, 5] = 1.0  63.06
true  67
-------------Iter CG 2-------------
LP Objective Value = 254.17,   sum y = 2.33
x[1, 4, 2, 5, 1],  99.01
y[4, 19, 7, 15, 10, 13, 8, 6, 9, 4] = 0.11  87.13
y[4, 11, 9, 7, 19, 4] = 0.19  35.17
y[4, 19, 7, 6, 8, 13, 14, 5] = 0.11  76.79
y[5, 14, 12, 18, 10, 6, 11, 9, 7, 4] = 0.15  59.72
y[5, 14, 13, 8, 10, 18, 5] = 0.3  62.38
y[4, 11, 6, 8, 13, 10, 18, 5] = 0.07  69.49
y[4, 9, 11, 6, 8, 13, 10, 20, 7, 19, 4] = 0.11  93.96
y[5, 12, 18, 15, 20, 17, 16, 5] = 0.48  59.81
y[4, 19, 7, 9, 11, 6, 8, 13, 12, 5] = 0.11  84.61
y[5, 14, 12, 10, 15, 20, 17, 16, 5] = 0.26  64.63
y[4, 9, 6, 8, 13, 14, 5] = 0.07  61.45
y[5, 14, 13, 8, 6, 11, 7, 19, 4] = 0.11  81.52
y[5, 16, 17, 19, 7, 9, 11, 4] = 0.11  64.27
y[4, 19, 17, 16, 20, 15, 6, 11, 9, 4] = 0.15  79.72
true  21
-------------Iter CG 3-------------
LP Objective Value = 252.83,   sum y = 2.35
x[1, 4, 2, 5, 1],  99.01
y[4, 19, 7, 15, 10, 13, 8, 6, 9, 4] = 0.18  87.13
y[5, 16, 17, 20, 7, 9, 11, 4] = 0.06  56.97
y[5, 14, 13, 8, 10, 18, 5] = 0.18  62.38
y[4, 11, 6, 8, 13, 12, 14, 5] = 0.12  67.29
y[5, 14, 12, 18, 10, 6, 11, 9, 4] = 0.35  50.83
y[5, 12, 18, 15, 20, 17, 16, 5] = 0.47  59.81
y[4, 9, 11, 8, 13, 10, 15, 7, 19, 4] = 0.24  88.54
y[5, 14, 12, 10, 15, 20, 17, 16, 5] = 0.06  64.63
y[4, 9, 6, 8, 13, 14, 5] = 0.12  61.45
y[4, 19, 7, 20, 17, 16, 5] = 0.35  54.25
y[5, 14, 13, 8, 6, 11, 7, 19, 4] = 0.18  81.52
y[4, 19, 17, 16, 20, 15, 6, 11, 9, 4] = 0.06  79.72
true  15
-------------Iter CG 4-------------
LP Objective Value = 250.41,   sum y = 2.33
x[1, 4, 2, 5, 1],  99.01
y[5, 16, 17, 20, 15, 7, 19, 4] = 0.53  62.01
y[5, 14, 13, 8, 10, 18, 5] = 0.33  62.38
y[4, 11, 6, 8, 13, 12, 14, 5] = 0.13  67.29
y[4, 11, 6, 8, 13, 10, 18, 5] = 0.07  69.49
y[5, 14, 12, 18, 10, 6, 11, 9, 4] = 0.33  50.83
y[4, 19, 7, 9, 11, 15, 20, 17, 16, 5] = 0.2  75.61
y[4, 19, 7, 9, 11, 6, 8, 13, 12, 5] = 0.27  84.61
y[4, 9, 6, 8, 13, 14, 5] = 0.2  61.45
y[5, 16, 17, 20, 15, 10, 18, 12, 5] = 0.27  63.8
true  3
-------------Iter CG 5-------------
LP Objective Value = 250.13,   sum y = 2.33
x[1, 4, 2, 5, 1],  99.01
y[5, 16, 17, 20, 15, 7, 19, 4] = 0.28  62.01
y[5, 14, 13, 8, 10, 18, 5] = 0.44  62.38
y[5, 14, 12, 18, 10, 6, 11, 9, 4] = 0.33  50.83
y[4, 19, 7, 9, 11, 15, 20, 17, 16, 5] = 0.11  75.61
y[4, 9, 11, 6, 15, 20, 17, 16, 5] = 0.11  62.73
y[5, 12, 18, 15, 20, 17, 16, 5] = 0.11  59.81
y[4, 19, 7, 9, 11, 6, 8, 13, 12, 5] = 0.33  84.61
y[4, 19, 7, 15, 20, 17, 16, 5] = 0.28  62.01
y[5, 14, 12, 10, 13, 8, 6, 11, 4] = 0.11  70.78
y[5, 14, 13, 8, 6, 9, 4] = 0.11  61.45
y[5, 16, 17, 20, 15, 10, 18, 12, 5] = 0.11  63.8
true  4
-------------Iter CG 6-------------
LP Objective Value = 249.96,   sum y = 2.31
x[1, 4, 2, 5, 1],  99.01
y[5, 16, 17, 20, 15, 7, 19, 4] = 0.47  62.01
y[5, 14, 13, 8, 10, 18, 5] = 0.47  62.38
y[5, 14, 12, 18, 10, 6, 11, 9, 4] = 0.22  50.83
y[4, 19, 7, 9, 11, 15, 20, 17, 16, 5] = 0.06  75.61
y[4, 9, 11, 6, 15, 20, 17, 16, 5] = 0.25  62.73
y[4, 19, 7, 9, 11, 6, 8, 13, 12, 5] = 0.38  84.61
y[4, 9, 11, 6, 8, 13, 10, 12, 5] = 0.03  69.7
y[5, 16, 17, 20, 18, 12, 14, 5] = 0.09  58.7
y[5, 14, 12, 10, 13, 8, 6, 11, 4] = 0.06  70.78
y[4, 19, 7, 15, 10, 18, 12, 14, 5] = 0.09  58.32
y[5, 14, 13, 8, 6, 9, 4] = 0.06  61.45
y[5, 16, 17, 20, 15, 10, 18, 12, 5] = 0.13  63.8
true  4
-------------Iter CG 7-------------
LP Objective Value = 249.96,   sum y = 2.31
x[1, 4, 2, 5, 1],  99.01
y[5, 16, 17, 20, 15, 7, 19, 4] = 0.47  62.01
y[5, 14, 13, 8, 10, 18, 5] = 0.47  62.38
y[5, 14, 12, 18, 10, 6, 11, 9, 4] = 0.22  50.83
y[4, 19, 7, 9, 11, 15, 20, 17, 16, 5] = 0.06  75.61
y[4, 9, 11, 6, 15, 20, 17, 16, 5] = 0.25  62.73
y[4, 19, 7, 9, 11, 6, 8, 13, 12, 5] = 0.37  84.61
y[4, 9, 11, 6, 8, 13, 10, 12, 5] = 0.03  69.7
y[5, 16, 17, 20, 18, 12, 14, 5] = 0.09  58.7
y[5, 14, 12, 10, 13, 8, 6, 11, 4] = 0.06  70.78
y[4, 19, 7, 15, 10, 18, 12, 14, 5] = 0.09  58.32
y[5, 14, 13, 8, 6, 9, 4] = 0.06  61.45
y[5, 16, 17, 20, 15, 10, 18, 12, 5] = 0.12  63.8
false  0
7967
MILP Result:
256.17
[1, 4, 2, 5, 1]    99.01
[4, 9, 4]   10.2
[4, 19, 7, 15, 10, 13, 8, 6, 11, 4]   88.26
[5, 16, 17, 20, 18, 12, 14, 5]   58.7
Branching stack contains now 1 nodes, current upper bound is 239.67


================Iteration 0 of B&P for SP9 [1, 2, 4, 5, 1] parkings[5, 2]================
-------------Iter CG 1-------------
LP Objective Value = 253.97,   sum y = 2.25
x[1, 2, 4, 5, 1],  99.02
y[2, 7, 19, 9, 11, 6, 15, 2] = 0.25  54.31
y[2, 15, 10, 13, 8, 6, 11, 2] = 0.25  70.08
y[2, 7, 19, 9, 6, 8, 13, 10, 15, 2] = 0.25  85.91
y[2, 7, 19, 9, 11, 6, 8, 13, 10, 2] = 0.25  87.39
y[2, 7, 19, 9, 11, 8, 13, 10, 15, 2] = 0.25  87.33
y[5, 16, 17, 20, 18, 12, 14, 5] = 1.0  58.7
true  46
-------------Iter CG 2-------------
LP Objective Value = 250.83,   sum y = 2.38
x[1, 2, 4, 5, 1],  99.02
y[2, 9, 11, 6, 8, 13, 10, 12, 5] = 0.12  71.88
y[5, 14, 13, 8, 10, 18, 5] = 0.5  62.38
y[5, 16, 17, 20, 15, 6, 11, 9, 2] = 0.25  64.91
y[2, 7, 19, 9, 11, 6, 8, 13, 12, 5] = 0.38  85.11
y[5, 14, 12, 18, 10, 6, 11, 9, 2] = 0.25  53.01
y[5, 14, 12, 18, 16, 17, 20, 2] = 0.12  57.67
y[2, 15, 10, 18, 12, 14, 5] = 0.12  38.2
y[2, 15, 20, 16, 17, 19, 7, 2] = 0.62  61.21
true  4
-------------Iter CG 3-------------
LP Objective Value = 250.78,   sum y = 2.4
x[1, 2, 4, 5, 1],  99.02
y[2, 15, 8, 13, 10, 18, 12, 5] = 0.04  65.81
y[2, 7, 19, 9, 6, 8, 13, 10, 15, 2] = 0.04  85.91
y[5, 14, 13, 8, 10, 18, 5] = 0.44  62.38
y[5, 16, 17, 20, 15, 6, 11, 9, 2] = 0.12  64.91
y[2, 7, 19, 9, 11, 6, 8, 13, 12, 5] = 0.4  85.11
y[5, 14, 12, 18, 10, 6, 11, 9, 2] = 0.4  53.01
y[5, 14, 12, 18, 16, 17, 20, 2] = 0.12  57.67
y[2, 7, 19, 9, 11, 8, 13, 10, 15, 2] = 0.04  87.33
y[2, 15, 20, 16, 17, 19, 7, 2] = 0.52  61.21
y[2, 15, 20, 17, 16, 5] = 0.24  41.89
y[5, 14, 12, 10, 13, 8, 6, 11, 2] = 0.04  72.72
true  3
-------------Iter CG 4-------------
LP Objective Value = 250.73,   sum y = 2.33
x[1, 2, 4, 5, 1],  99.02
y[5, 14, 12, 10, 18, 16, 17, 20, 2] = 0.17  63.11
y[5, 14, 13, 8, 10, 18, 5] = 0.5  62.38
y[5, 16, 17, 20, 15, 6, 11, 9, 2] = 0.33  64.91
y[2, 7, 19, 9, 11, 6, 8, 13, 12, 5] = 0.5  85.11
y[5, 14, 12, 18, 10, 6, 11, 9, 2] = 0.17  53.01
y[2, 15, 10, 18, 12, 14, 5] = 0.17  38.2
y[2, 15, 20, 16, 17, 19, 7, 2] = 0.5  61.21
false  0
7186
MILP Result:
258.23
[1, 2, 4, 5, 1]    99.02
[2, 11, 9, 19, 7, 2]   37.61
[2, 15, 10, 13, 8, 6, 2]   62.9
[5, 16, 17, 20, 18, 12, 14, 5]   58.7
Branching stack contains now 1 nodes, current upper bound is 239.67
lower bound of subproblem exceed UB, stop algo

Total Execution time = 12.44
Current optimal solution 239.67 found in interation 0 in level 0:
[1, 2, 3, 1]  80.16
[3, 18, 3]  10.2
[3, 14, 13, 8, 6, 10, 12, 3]  64.54
[3, 16, 17, 20, 19, 7, 9, 11, 15, 3]  84.77
