parking availability[1] = 0
parking availability[2] = 1
parking availability[3] = 0
parking availability[4] = 1
parking availability[5] = 0
Start column generation for root node of [1, 2, 1]

==1==
length of routes pool = 21
LP Objective Value = 1014.22,   sum y = 5.0
y[2, 9, 2] = 0.21  12.65
y[2, 20, 2] = 0.21  18.97
y[2, 24, 2] = 0.21  22.8
y[2, 16, 2] = 0.21  41.76
y[2, 12, 2] = 0.21  38.63
y[2, 21, 2] = 0.21  50.6
y[2, 6, 7, 8, 9, 10, 11, 12, 13, 14, 15, 16, 17, 18, 19, 20, 21, 22, 23, 24, 25, 2] = 0.79  1000.0
y[2, 23, 2] = 0.21  72.47
y[2, 10, 2] = 0.21  34.23
y[2, 15, 2] = 0.21  15.23
y[2, 13, 2] = 0.21  54.04
y[2, 18, 2] = 0.21  33.53
y[2, 7, 2] = 0.21  8.25
y[2, 11, 2] = 0.21  18.0
y[2, 8, 2] = 0.21  49.4
y[2, 17, 2] = 0.21  30.07
y[2, 19, 2] = 0.21  22.8
y[2, 6, 2] = 0.21  22.8
y[2, 14, 2] = 0.21  49.19
y[2, 22, 2] = 0.21  35.38
y[2, 25, 2] = 0.21  50.99
true  3414

==2==
length of routes pool = 3435
LP Objective Value = 489.24,   sum y = 5.0
y[2, 23, 14, 21, 24, 2] = 1.0  88.7
y[2, 8, 25, 2] = 1.0  52.19
y[2, 10, 12, 16, 20, 19, 7, 9, 11, 6, 22, 2] = 1.0  118.02
y[2, 7, 10, 12, 20, 15, 16, 17, 2] = 1.0  91.72
y[2, 13, 10, 18, 2] = 1.0  57.38
true  676

==3==
length of routes pool = 4111
LP Objective Value = 377.28,   sum y = 4.0
y[2, 23, 14, 13, 8, 2] = 0.53  96.29
y[2, 18, 17, 20, 2] = 0.07  50.6
y[2, 9, 22, 25, 8, 2] = 0.33  59.23
y[2, 21, 12, 10, 20, 16, 17, 2] = 0.07  85.64
y[2, 23, 14, 21, 12, 10, 20, 19, 7, 2] = 0.33  106.73
y[2, 24, 6, 15, 18, 21, 2] = 0.13  67.49
y[2, 7, 19, 2] = 0.2  22.8
y[2, 24, 22, 25, 8, 2] = 0.13  54.86
y[2, 17, 15, 18, 21, 2] = 0.33  71.51
y[2, 15, 18, 17, 16, 2] = 0.47  62.81
y[2, 24, 22, 25, 6, 11, 2] = 0.53  60.94
y[2, 6, 24, 9, 2] = 0.2  30.04
y[2, 13, 10, 12, 16, 20, 19, 7, 11, 9, 2] = 0.47  114.86
y[2, 15, 17, 20, 2] = 0.07  36.84
y[2, 23, 14, 21, 12, 10, 6, 2] = 0.13  87.88
true  860

==4==
length of routes pool = 4971
LP Objective Value = 337.74,   sum y = 4.0
y[2, 23, 14, 21, 12, 10, 15, 2] = 0.31  82.1
y[2, 10, 13, 21, 14, 2] = 0.08  65.25
y[2, 11, 9, 7, 19, 17, 20, 2] = 0.08  59.95
y[2, 9, 11, 6, 13, 10, 18, 2] = 0.23  68.49
y[2, 11, 9, 2] = 0.15  18.93
y[2, 23, 14, 12, 18, 2] = 0.31  74.9
y[2, 6, 25, 8, 13, 10, 2] = 0.38  64.46
y[2, 13, 21, 12, 18, 2] = 0.31  62.18
y[2, 24, 22, 25, 8, 2] = 0.62  54.86
y[2, 17, 16, 14, 21, 12, 2] = 0.08  69.46
y[2, 7, 19, 20, 16, 23, 21, 14, 2] = 0.23  103.97
y[2, 11, 9, 7, 19, 17, 20, 15, 2] = 0.15  65.29
y[2, 7, 19, 17, 16, 20, 15, 2] = 0.54  61.67
y[2, 9, 11, 24, 6, 22, 2] = 0.38  43.85
y[2, 17, 16, 23, 18, 2] = 0.15  82.7
true  123

==5==
length of routes pool = 5094
LP Objective Value = 327.66,   sum y = 4.0
y[2, 18, 14, 23, 16, 20, 19, 7, 2] = 0.25  98.9
y[2, 7, 19, 17, 20, 15, 2] = 0.25  49.53
y[2, 20, 17, 16, 23, 14, 12, 2] = 0.5  83.47
y[2, 11, 9, 2] = 0.5  18.93
y[2, 6, 25, 8, 13, 10, 2] = 0.5  64.46
y[2, 7, 19, 9, 11, 24, 6, 22, 2] = 0.5  61.66
y[2, 24, 22, 25, 8, 2] = 0.5  54.86
y[2, 15, 18, 10, 21, 13, 2] = 0.5  65.72
y[2, 15, 12, 14, 21, 18, 2] = 0.25  53.89
y[2, 17, 16, 23, 21, 12, 2] = 0.25  85.23
false  0
Start column generation for root node of [1, 2, 3, 1]

==1==
length of routes pool = 21
LP Objective Value = 1010.17,   sum y = 5.0
y[3, 9, 3] = 0.21  49.52
y[3, 20, 3] = 0.21  26.31
y[3, 24, 3] = 0.21  43.86
y[3, 16, 3] = 0.21  26.91
y[3, 12, 3] = 0.21  8.94
y[3, 21, 3] = 0.21  17.09
y[3, 6, 7, 8, 9, 10, 11, 12, 13, 14, 15, 16, 17, 18, 19, 20, 21, 22, 23, 24, 25, 3] = 0.79  1000.0
y[3, 23, 3] = 0.21  33.94
y[3, 10, 3] = 0.21  18.11
y[3, 15, 3] = 0.21  24.08
y[3, 13, 3] = 0.21  32.56
y[3, 18, 3] = 0.21  12.0
y[3, 7, 3] = 0.21  44.72
y[3, 11, 3] = 0.21  51.22
y[3, 8, 3] = 0.21  42.38
y[3, 17, 3] = 0.21  31.05
y[3, 19, 3] = 0.21  56.32
y[3, 6, 3] = 0.21  38.63
y[3, 14, 3] = 0.21  12.0
y[3, 22, 3] = 0.21  46.39
y[3, 25, 3] = 0.21  46.17
true  1976

==2==
length of routes pool = 1997
LP Objective Value = 780.46,   sum y = 5.0
y[3, 14, 3] = 0.5  12.0
y[3, 18, 3] = 0.5  12.0
y[3, 21, 3] = 0.5  17.09
y[3, 13, 3] = 0.5  32.56
y[3, 25, 3] = 0.5  46.17
y[3, 20, 7, 19, 11, 6, 10, 12, 16, 17, 3] = 0.5  113.99
y[3, 6, 7, 8, 9, 10, 11, 12, 13, 14, 15, 16, 17, 18, 19, 20, 21, 22, 23, 24, 25, 3] = 0.5  1000.0
y[3, 23, 3] = 0.5  33.94
y[3, 8, 3] = 0.5  42.38
y[3, 19, 7, 9, 11, 24, 22, 15, 3] = 0.5  88.23
true  1096

==3==
length of routes pool = 3093
LP Objective Value = 335.68,   sum y = 5.0
y[3, 22, 25, 13, 3] = 0.5  60.29
y[3, 16, 17, 15, 3] = 1.0  45.98
y[3, 12, 25, 8, 21, 3] = 0.5  50.73
y[3, 14, 23, 3] = 1.0  36.39
y[3, 22, 8, 13, 12, 3] = 0.5  59.09
y[3, 21, 3] = 0.5  17.09
y[3, 20, 7, 19, 9, 11, 24, 6, 10, 18, 3] = 1.0  78.43
true  293

==4==
length of routes pool = 3386
LP Objective Value = 310.07,   sum y = 4.0
y[3, 20, 7, 19, 9, 11, 24, 6, 22, 10, 3] = 1.0  87.24
y[3, 18, 15, 17, 16, 3] = 1.0  49.16
y[3, 12, 8, 25, 13, 3] = 1.0  50.28
y[3, 14, 21, 23, 3] = 1.0  42.1
true  167

==5==
length of routes pool = 3553
LP Objective Value = 310.07,   sum y = 4.0
y[3, 20, 7, 19, 9, 11, 24, 6, 22, 10, 3] = 1.0  87.24
y[3, 18, 15, 17, 16, 3] = 1.0  49.16
y[3, 12, 8, 25, 13, 3] = 1.0  50.28
y[3, 14, 21, 23, 3] = 1.0  42.1
true  146

==6==
length of routes pool = 3699
LP Objective Value = 310.07,   sum y = 4.0
y[3, 20, 7, 19, 9, 11, 24, 6, 22, 10, 3] = 1.0  87.24
y[3, 18, 15, 17, 16, 3] = 1.0  49.16
y[3, 12, 8, 25, 13, 3] = 1.0  50.28
y[3, 14, 21, 23, 3] = 1.0  42.1
true  35

==7==
length of routes pool = 3734
LP Objective Value = 309.12,   sum y = 4.0
y[3, 16, 17, 20, 15, 18, 3] = 1.0  49.28
y[3, 12, 8, 25, 13, 3] = 1.0  50.28
y[3, 14, 21, 23, 3] = 1.0  42.1
y[3, 19, 7, 9, 11, 24, 6, 22, 10, 3] = 1.0  86.17
true  38

==8==
length of routes pool = 3772
LP Objective Value = 308.17,   sum y = 4.0
y[3, 16, 17, 19, 7, 15, 18, 3] = 0.29  71.18
y[3, 15, 6, 24, 22, 10, 18, 3] = 0.14  55.5
y[3, 13, 8, 25, 10, 12, 3] = 0.14  51.11
y[3, 20, 7, 19, 9, 11, 24, 6, 22, 10, 3] = 0.57  87.24
y[3, 16, 17, 19, 9, 11, 22, 10, 3] = 0.14  90.79
y[3, 16, 17, 20, 15, 18, 3] = 0.43  49.28
y[3, 15, 9, 11, 24, 6, 22, 3] = 0.14  67.8
y[3, 12, 8, 25, 13, 3] = 0.86  50.28
y[3, 14, 21, 23, 3] = 1.0  42.1
y[3, 16, 17, 7, 9, 11, 24, 6, 3] = 0.14  75.42
y[3, 18, 3] = 0.14  12.0
false  0
Start column generation for root node of [1, 4, 1]

==1==
length of routes pool = 21
LP Objective Value = 1084.75,   sum y = 5.0
y[4, 9, 4] = 0.21  10.2
y[4, 20, 4] = 0.21  37.74
y[4, 24, 4] = 0.21  28.28
y[4, 16, 4] = 0.21  59.93
y[4, 12, 4] = 0.21  57.31
y[4, 21, 4] = 0.21  68.88
y[4, 6, 7, 8, 9, 10, 11, 12, 13, 14, 15, 16, 17, 18, 19, 20, 21, 22, 23, 24, 25, 4] = 0.79  1000.0
y[4, 23, 4] = 0.21  92.2
y[4, 10, 4] = 0.21  51.26
y[4, 15, 4] = 0.21  34.41
y[4, 13, 4] = 0.21  69.05
y[4, 18, 4] = 0.21  51.88
y[4, 7, 4] = 0.21  17.09
y[4, 11, 4] = 0.21  14.56
y[4, 8, 4] = 0.21  60.13
y[4, 17, 4] = 0.21  46.82
y[4, 19, 4] = 0.21  21.54
y[4, 6, 4] = 0.21  32.0
y[4, 14, 4] = 0.21  68.26
y[4, 22, 4] = 0.21  41.23
y[4, 25, 4] = 0.21  60.53
true  3874

==2==
length of routes pool = 3895
LP Objective Value = 728.27,   sum y = 5.0
y[4, 8, 10, 12, 16, 20, 19, 7, 15, 6, 22, 4] = 0.67  147.7
y[4, 13, 25, 4] = 0.67  75.56
y[4, 24, 4] = 0.33  28.28
y[4, 11, 4] = 0.67  14.56
y[4, 23, 14, 21, 24, 4] = 0.33  101.3
y[4, 21, 18, 4] = 0.33  68.92
y[4, 9, 4] = 0.67  10.2
y[4, 6, 7, 8, 9, 10, 11, 12, 13, 14, 15, 16, 17, 18, 19, 20, 21, 22, 23, 24, 25, 4] = 0.33  1000.0
y[4, 23, 14, 18, 4] = 0.33  93.94
y[4, 17, 4] = 0.67  46.82
true  2385

==3==
length of routes pool = 6280
LP Objective Value = 426.14,   sum y = 4.0
y[4, 16, 20, 10, 12, 21, 13, 8, 4] = 0.5  116.7
y[4, 23, 14, 21, 10, 7, 19, 4] = 0.5  111.41
y[4, 20, 10, 12, 14, 23, 16, 17, 4] = 0.5  111.38
y[4, 11, 24, 6, 18, 15, 9, 4] = 1.0  58.05
y[4, 17, 19, 7, 4] = 0.5  56.2
y[4, 22, 25, 13, 4] = 0.5  75.96
y[4, 22, 25, 8, 4] = 0.5  62.73
true  551

==4==
length of routes pool = 6831
LP Objective Value = 401.52,   sum y = 4.0
y[4, 9, 11, 24, 25, 8, 4] = 0.08  63.9
y[4, 19, 7, 20, 17, 16, 23, 14, 4] = 0.33  111.83
y[4, 19, 17, 16, 20, 15, 18, 10, 4] = 0.25  91.44
y[4, 11, 22, 24, 9, 4] = 0.25  41.92
y[4, 7, 15, 13, 8, 25, 4] = 0.25  81.33
y[4, 9, 4] = 0.42  10.2
y[4, 20, 10, 12, 14, 23, 16, 17, 4] = 0.42  111.38
y[4, 19, 7, 13, 21, 18, 4] = 0.42  93.09
y[4, 11, 24, 6, 18, 15, 9, 4] = 0.25  58.05
y[4, 6, 8, 13, 21, 12, 4] = 0.33  83.31
y[4, 11, 24, 6, 22, 18, 10, 4] = 0.08  69.57
y[4, 23, 14, 21, 12, 10, 15, 4] = 0.25  101.56
y[4, 11, 24, 22, 25, 6, 4] = 0.33  61.6
y[4, 22, 25, 8, 4] = 0.33  62.73
true  128

==5==
length of routes pool = 6959
LP Objective Value = 388.1,   sum y = 4.0
y[4, 15, 18, 12, 14, 21, 10, 4] = 0.5  73.37
y[4, 19, 7, 20, 17, 16, 23, 14, 4] = 0.25  111.83
y[4, 24, 8, 25, 22, 4] = 0.36  62.81
y[4, 19, 17, 20, 15, 6, 24, 4] = 0.08  68.45
y[4, 7, 17, 16, 23, 21, 10, 4] = 0.12  103.06
y[4, 19, 17, 16, 20, 15, 18, 10, 4] = 0.02  91.44
y[4, 11, 4] = 0.07  14.56
y[4, 9, 11, 4] = 0.37  15.98
y[4, 6, 8, 25, 13, 4] = 0.28  77.44
y[4, 19, 16, 23, 21, 13, 10, 4] = 0.11  118.1
y[4, 19, 7, 20, 23, 21, 18, 4] = 0.02  107.34
y[4, 19, 7, 20, 16, 23, 13, 8, 4] = 0.05  125.32
y[4, 7, 15, 13, 8, 25, 4] = 0.13  81.33
y[4, 7, 20, 18, 12, 21, 13, 4] = 0.25  85.7
y[4, 11, 24, 22, 6, 9, 4] = 0.51  43.54
y[4, 19, 7, 15, 13, 8, 25, 4] = 0.18  90.84
y[4, 9, 4] = 0.12  10.2
y[4, 20, 10, 12, 14, 23, 16, 17, 4] = 0.25  111.38
y[4, 19, 17, 16, 23, 18, 4] = 0.2  104.59
y[4, 19, 17, 20, 15, 6, 22, 4] = 0.08  78.49
y[4, 11, 24, 22, 25, 6, 4] = 0.05  61.6
true  34

==6==
length of routes pool = 6993
LP Objective Value = 383.81,   sum y = 4.0
y[4, 15, 18, 12, 14, 21, 10, 4] = 0.62  73.37
y[4, 7, 20, 15, 10, 13, 8, 25, 4] = 0.25  88.09
y[4, 11, 22, 25, 8, 6, 4] = 0.29  62.81
y[4, 17, 16, 23, 21, 12, 4] = 0.13  102.94
y[4, 19, 7, 20, 17, 16, 23, 14, 4] = 0.38  111.83
y[4, 24, 8, 25, 22, 4] = 0.29  62.81
y[4, 11, 24, 6, 10, 18, 15, 20, 7, 19, 4] = 0.13  77.42
y[4, 11, 24, 6, 25, 8, 4] = 0.17  63.74
y[4, 7, 20, 18, 12, 21, 13, 4] = 0.25  85.7
y[4, 11, 24, 22, 6, 9, 4] = 0.42  43.54
y[4, 9, 4] = 0.58  10.2
y[4, 19, 17, 16, 23, 13, 4] = 0.5  115.56
false  0
Start column generation for root node of [1, 2, 5, 1]

==1==
length of routes pool = 21
LP Objective Value = 1087.69,   sum y = 4.0
y[5, 9, 5] = 0.16  74.03
y[5, 20, 5] = 0.16  45.61
y[5, 24, 5] = 0.16  69.86
y[5, 16, 5] = 0.16  30.59
y[5, 12, 5] = 0.16  32.56
y[5, 21, 5] = 0.16  30.59
y[5, 6, 7, 8, 9, 10, 11, 12, 13, 14, 15, 16, 17, 18, 19, 20, 21, 22, 23, 24, 25, 5] = 0.84  1000.0
y[5, 23, 5] = 0.16  14.0
y[5, 10, 5] = 0.16  42.76
y[5, 15, 5] = 0.16  48.83
y[5, 13, 5] = 0.16  49.48
y[5, 18, 5] = 0.16  37.36
y[5, 7, 5] = 0.16  66.6
y[5, 11, 5] = 0.16  76.55
y[5, 8, 5] = 0.16  64.12
y[5, 17, 5] = 0.16  43.08
y[5, 19, 5] = 0.16  75.47
y[5, 6, 5] = 0.16  64.62
y[5, 14, 5] = 0.16  24.08
y[5, 22, 5] = 0.16  71.81
y[5, 25, 5] = 0.16  68.12
true  2080

==2==
length of routes pool = 2101
LP Objective Value = 853.66,   sum y = 5.0
y[5, 14, 5] = 0.5  24.08
y[5, 18, 5] = 0.5  37.36
y[5, 21, 5] = 0.5  30.59
y[5, 13, 5] = 0.5  49.48
y[5, 25, 5] = 0.5  68.12
y[5, 6, 7, 8, 9, 10, 11, 12, 13, 14, 15, 16, 17, 18, 19, 20, 21, 22, 23, 24, 25, 5] = 0.5  1000.0
y[5, 23, 5] = 0.5  14.0
y[5, 8, 5] = 0.5  64.12
y[5, 11, 9, 19, 7, 24, 22, 15, 5] = 0.5  124.03
y[5, 20, 7, 19, 11, 6, 10, 12, 16, 17, 5] = 0.5  129.66
true  1384

==3==
length of routes pool = 3485
LP Objective Value = 401.77,   sum y = 5.0
y[5, 16, 15, 17, 5] = 1.0  67.28
y[5, 14, 8, 25, 13, 5] = 0.5  69.58
y[5, 23, 5] = 1.0  14.0
y[5, 22, 8, 13, 14, 5] = 0.5  80.33
y[5, 20, 7, 19, 9, 11, 24, 6, 10, 18, 5] = 1.0  100.76
y[5, 12, 21, 5] = 0.5  37.66
y[5, 22, 25, 12, 21, 5] = 0.5  86.01
true  808

==4==
length of routes pool = 4293
LP Objective Value = 357.22,   sum y = 4.11
y[5, 14, 8, 25, 13, 5] = 0.78  69.58
y[5, 12, 18, 15, 17, 16, 5] = 0.33  64.11
y[5, 17, 15, 18, 21, 5] = 0.22  68.02
y[5, 21, 12, 15, 17, 16, 5] = 0.11  68.87
y[5, 14, 21, 23, 5] = 0.22  38.17
y[5, 23, 5] = 0.78  14.0
y[5, 21, 12, 18, 17, 16, 5] = 0.33  64.6
y[5, 12, 8, 25, 22, 15, 5] = 0.11  85.66
y[5, 12, 18, 10, 13, 21, 5] = 0.11  57.49
y[5, 20, 7, 19, 9, 11, 24, 6, 15, 16, 5] = 0.11  109.4
y[5, 20, 7, 19, 9, 11, 24, 6, 22, 10, 5] = 0.89  109.22
y[5, 16, 15, 8, 25, 13, 5] = 0.11  89.84
true  471

==5==
length of routes pool = 4764
LP Objective Value = 357.22,   sum y = 4.11
y[5, 14, 8, 25, 13, 5] = 0.78  69.58
y[5, 12, 18, 15, 17, 16, 5] = 0.33  64.11
y[5, 17, 15, 18, 21, 5] = 0.22  68.02
y[5, 21, 12, 15, 17, 16, 5] = 0.11  68.87
y[5, 14, 21, 23, 5] = 0.22  38.17
y[5, 23, 5] = 0.78  14.0
y[5, 21, 12, 18, 17, 16, 5] = 0.33  64.6
y[5, 12, 8, 25, 22, 15, 5] = 0.11  85.66
y[5, 12, 18, 10, 13, 21, 5] = 0.11  57.49
y[5, 20, 7, 19, 9, 11, 24, 6, 15, 16, 5] = 0.11  109.4
y[5, 20, 7, 19, 9, 11, 24, 6, 22, 10, 5] = 0.89  109.22
y[5, 16, 15, 8, 25, 13, 5] = 0.11  89.84
true  394

==6==
length of routes pool = 5158
LP Objective Value = 357.22,   sum y = 4.11
y[5, 14, 8, 25, 13, 5] = 0.78  69.58
y[5, 12, 18, 15, 17, 16, 5] = 0.33  64.11
y[5, 17, 15, 18, 21, 5] = 0.22  68.02
y[5, 21, 12, 15, 17, 16, 5] = 0.11  68.87
y[5, 14, 21, 23, 5] = 0.22  38.17
y[5, 23, 5] = 0.78  14.0
y[5, 21, 12, 18, 17, 16, 5] = 0.33  64.6
y[5, 12, 8, 25, 22, 15, 5] = 0.11  85.66
y[5, 12, 18, 10, 13, 21, 5] = 0.11  57.49
y[5, 20, 7, 19, 9, 11, 24, 6, 15, 16, 5] = 0.11  109.4
y[5, 20, 7, 19, 9, 11, 24, 6, 22, 10, 5] = 0.89  109.22
y[5, 16, 15, 8, 25, 13, 5] = 0.11  89.84
true  271

==7==
length of routes pool = 5429
LP Objective Value = 357.22,   sum y = 4.11
y[5, 14, 8, 25, 13, 5] = 0.78  69.58
y[5, 12, 18, 15, 17, 16, 5] = 0.33  64.11
y[5, 17, 15, 18, 21, 5] = 0.22  68.02
y[5, 21, 12, 15, 17, 16, 5] = 0.11  68.87
y[5, 14, 21, 23, 5] = 0.22  38.17
y[5, 23, 5] = 0.78  14.0
y[5, 21, 12, 18, 17, 16, 5] = 0.33  64.6
y[5, 12, 8, 25, 22, 15, 5] = 0.11  85.66
y[5, 12, 18, 10, 13, 21, 5] = 0.11  57.49
y[5, 20, 7, 19, 9, 11, 24, 6, 15, 16, 5] = 0.11  109.4
y[5, 20, 7, 19, 9, 11, 24, 6, 22, 10, 5] = 0.89  109.22
y[5, 16, 15, 8, 25, 13, 5] = 0.11  89.84
true  51

==8==
length of routes pool = 5480
LP Objective Value = 352.75,   sum y = 4.0
y[5, 15, 6, 22, 8, 25, 5] = 0.5  87.51
y[5, 14, 8, 25, 13, 5] = 0.5  69.58
y[5, 14, 21, 23, 5] = 0.5  38.17
y[5, 23, 5] = 0.5  14.0
y[5, 12, 18, 10, 13, 21, 5] = 0.5  57.49
y[5, 20, 7, 19, 9, 11, 24, 6, 22, 10, 5] = 0.5  109.22
y[5, 16, 17, 19, 7, 9, 11, 24, 5] = 0.5  99.43
y[5, 16, 17, 20, 15, 18, 12, 5] = 0.5  64.23
true  34

==9==
length of routes pool = 5514
LP Objective Value = 351.7,   sum y = 4.03
y[5, 21, 12, 15, 20, 17, 16, 5] = 0.03  68.99
y[5, 17, 19, 7, 9, 11, 24, 15, 5] = 0.19  100.09
y[5, 15, 6, 22, 8, 25, 5] = 0.35  87.51
y[5, 14, 8, 25, 13, 5] = 0.65  69.58
y[5, 14, 21, 23, 5] = 0.35  38.17
y[5, 23, 5] = 0.65  14.0
y[5, 16, 19, 7, 9, 11, 24, 22, 10, 12, 5] = 0.16  107.15
y[5, 21, 12, 18, 17, 16, 5] = 0.03  64.6
y[5, 12, 18, 10, 13, 21, 5] = 0.35  57.49
y[5, 20, 7, 19, 9, 11, 24, 6, 22, 10, 5] = 0.32  109.22
y[5, 21, 18, 20, 17, 16, 5] = 0.19  66.14
y[5, 20, 7, 19, 9, 11, 24, 6, 10, 21, 5] = 0.03  103.43
y[5, 16, 17, 20, 15, 18, 12, 5] = 0.42  64.23
y[5, 17, 19, 7, 9, 11, 24, 6, 10, 5] = 0.13  99.92
y[5, 16, 19, 7, 9, 11, 24, 6, 22, 5] = 0.16  109.64
true  87

==10==
length of routes pool = 5601
LP Objective Value = 351.7,   sum y = 4.03
y[5, 21, 12, 15, 20, 17, 16, 5] = 0.03  68.99
y[5, 17, 19, 7, 9, 11, 24, 15, 5] = 0.19  100.09
y[5, 15, 6, 22, 8, 25, 5] = 0.35  87.51
y[5, 14, 8, 25, 13, 5] = 0.65  69.58
y[5, 14, 21, 23, 5] = 0.35  38.17
y[5, 23, 5] = 0.65  14.0
y[5, 16, 19, 7, 9, 11, 24, 22, 10, 12, 5] = 0.16  107.15
y[5, 21, 12, 18, 17, 16, 5] = 0.03  64.6
y[5, 12, 18, 10, 13, 21, 5] = 0.35  57.49
y[5, 20, 7, 19, 9, 11, 24, 6, 22, 10, 5] = 0.32  109.22
y[5, 21, 18, 20, 17, 16, 5] = 0.19  66.14
y[5, 20, 7, 19, 9, 11, 24, 6, 10, 21, 5] = 0.03  103.43
y[5, 16, 17, 20, 15, 18, 12, 5] = 0.42  64.23
y[5, 17, 19, 7, 9, 11, 24, 6, 10, 5] = 0.13  99.92
y[5, 16, 19, 7, 9, 11, 24, 6, 22, 5] = 0.16  109.64
true  14

==11==
length of routes pool = 5615
LP Objective Value = 350.51,   sum y = 4.0
y[5, 17, 19, 7, 9, 11, 24, 15, 5] = 0.14  100.09
y[5, 14, 8, 25, 13, 5] = 0.57  69.58
y[5, 16, 17, 20, 19, 7, 9, 11, 24, 5] = 0.14  104.02
y[5, 14, 21, 23, 5] = 0.43  38.17
y[5, 23, 5] = 0.57  14.0
y[5, 16, 19, 7, 9, 11, 24, 22, 10, 12, 5] = 0.14  107.15
y[5, 12, 18, 10, 13, 21, 5] = 0.43  57.49
y[5, 21, 18, 20, 17, 16, 5] = 0.14  66.14
y[5, 20, 19, 7, 9, 11, 24, 6, 22, 10, 5] = 0.29  108.37
y[5, 16, 17, 20, 15, 18, 12, 5] = 0.43  64.23
y[5, 17, 19, 7, 9, 11, 24, 6, 10, 5] = 0.14  99.92
y[5, 16, 19, 7, 9, 11, 24, 6, 22, 5] = 0.14  109.64
y[5, 8, 25, 22, 6, 15, 5] = 0.43  85.13
true  6

==12==
length of routes pool = 5621
LP Objective Value = 350.26,   sum y = 4.0
y[5, 17, 19, 7, 9, 11, 24, 15, 5] = 0.14  100.09
y[5, 14, 8, 25, 13, 5] = 0.57  69.58
y[5, 14, 21, 23, 5] = 0.43  38.17
y[5, 23, 5] = 0.57  14.0
y[5, 12, 18, 10, 13, 21, 5] = 0.43  57.49
y[5, 21, 18, 20, 17, 16, 5] = 0.14  66.14
y[5, 20, 19, 7, 9, 11, 24, 6, 22, 10, 5] = 0.43  108.37
y[5, 16, 17, 19, 7, 9, 11, 24, 10, 5] = 0.14  100.75
y[5, 16, 17, 20, 15, 18, 12, 5] = 0.43  64.23
y[5, 16, 17, 19, 7, 9, 11, 24, 12, 5] = 0.14  100.2
y[5, 16, 19, 7, 9, 11, 24, 6, 22, 5] = 0.14  109.64
y[5, 8, 25, 22, 6, 15, 5] = 0.43  85.13
true  7

==13==
length of routes pool = 5628
LP Objective Value = 350.26,   sum y = 4.0
y[5, 17, 19, 7, 9, 11, 24, 15, 5] = 0.14  100.09
y[5, 14, 8, 25, 13, 5] = 0.57  69.58
y[5, 14, 21, 23, 5] = 0.43  38.17
y[5, 23, 5] = 0.57  14.0
y[5, 12, 18, 10, 13, 21, 5] = 0.43  57.49
y[5, 21, 18, 20, 17, 16, 5] = 0.14  66.14
y[5, 20, 19, 7, 9, 11, 24, 6, 22, 10, 5] = 0.43  108.37
y[5, 16, 17, 19, 7, 9, 11, 24, 10, 5] = 0.14  100.75
y[5, 16, 17, 20, 15, 18, 12, 5] = 0.43  64.23
y[5, 16, 17, 19, 7, 9, 11, 24, 12, 5] = 0.14  100.2
y[5, 16, 19, 7, 9, 11, 24, 6, 22, 5] = 0.14  109.64
y[5, 8, 25, 22, 6, 15, 5] = 0.43  85.13
true  1

==14==
length of routes pool = 5629
LP Objective Value = 350.26,   sum y = 4.0
y[5, 17, 19, 7, 9, 11, 24, 15, 5] = 0.14  100.09
y[5, 14, 8, 25, 13, 5] = 0.57  69.58
y[5, 14, 21, 23, 5] = 0.43  38.17
y[5, 23, 5] = 0.57  14.0
y[5, 12, 18, 10, 13, 21, 5] = 0.43  57.49
y[5, 21, 18, 20, 17, 16, 5] = 0.14  66.14
y[5, 20, 19, 7, 9, 11, 24, 6, 22, 10, 5] = 0.43  108.37
y[5, 16, 17, 19, 7, 9, 11, 24, 10, 5] = 0.14  100.75
y[5, 16, 17, 20, 15, 18, 12, 5] = 0.43  64.23
y[5, 16, 17, 19, 7, 9, 11, 24, 12, 5] = 0.14  100.2
y[5, 16, 19, 7, 9, 11, 24, 6, 22, 5] = 0.14  109.64
y[5, 8, 25, 22, 6, 15, 5] = 0.43  85.13
false  0
Start column generation for root node of [1, 2, 4, 3, 1]

==1==
length of routes pool = 8908
LP Objective Value = 305.13,   sum y = 4.0
y[2, 7, 19, 9, 11, 24, 6, 22, 2] = 1.0  61.66
y[3, 13, 8, 25, 10, 12, 3] = 1.0  51.11
y[3, 14, 21, 23, 3] = 1.0  42.1
y[3, 16, 17, 20, 15, 18, 3] = 1.0  49.28
true  174

==2==
length of routes pool = 9082
LP Objective Value = 305.13,   sum y = 4.0
y[2, 7, 19, 9, 11, 24, 6, 22, 2] = 1.0  61.66
y[3, 13, 8, 25, 10, 12, 3] = 1.0  51.11
y[3, 14, 21, 23, 3] = 1.0  42.1
y[3, 16, 17, 20, 15, 18, 3] = 1.0  49.28
true  133

==3==
length of routes pool = 9215
LP Objective Value = 305.13,   sum y = 4.0
y[2, 7, 19, 9, 11, 24, 6, 22, 2] = 1.0  61.66
y[3, 13, 8, 25, 10, 12, 3] = 1.0  51.11
y[3, 14, 21, 23, 3] = 1.0  42.1
y[3, 16, 17, 20, 15, 18, 3] = 1.0  49.28
true  47

==4==
length of routes pool = 9262
LP Objective Value = 305.13,   sum y = 4.0
y[2, 7, 19, 9, 11, 24, 6, 22, 2] = 1.0  61.66
y[3, 13, 8, 25, 10, 12, 3] = 1.0  51.11
y[3, 14, 21, 23, 3] = 1.0  42.1
y[3, 16, 17, 20, 15, 18, 3] = 1.0  49.28
true  122

==5==
length of routes pool = 9384
LP Objective Value = 302.72,   sum y = 4.0
y[3, 13, 8, 25, 10, 12, 3] = 1.0  51.11
y[3, 14, 21, 23, 3] = 1.0  42.1
y[3, 16, 17, 20, 15, 18, 3] = 1.0  49.28
y[2, 7, 19, 9, 11, 24, 22, 6, 2] = 1.0  59.25
true  7

==6==
length of routes pool = 9391
LP Objective Value = 302.72,   sum y = 4.0
y[3, 13, 8, 25, 10, 12, 3] = 1.0  51.11
y[3, 14, 21, 23, 3] = 1.0  42.1
y[3, 16, 17, 20, 15, 18, 3] = 1.0  49.28
y[2, 7, 19, 9, 11, 24, 22, 6, 2] = 1.0  59.25
false  0
Integer Solution Found  302.7158545219045
