parking availability[1] = 0
parking availability[2] = 1
parking availability[3] = 0
parking availability[4] = 1
parking availability[5] = 0
Start column generation for root node of [1, 2, 1]

==1==
length of routes pool = 26
LP Objective Value = 1083.84,   sum y = 5.0
x[[1, 2, 1]]     91.21
y[2, 9, 2] = 0.17  7.21
y[2, 20, 2] = 0.17  27.78
y[2, 24, 2] = 0.17  25.06
y[2, 16, 2] = 0.17  50.16
y[2, 28, 2] = 0.17  38.21
y[2, 12, 2] = 0.17  48.33
y[2, 21, 2] = 0.17  60.17
y[2, 6, 7, 8, 9, 10, 11, 12, 13, 14, 15, 16, 17, 18, 19, 20, 21, 22, 23, 24, 25, 26, 27, 28, 29, 30, 2] = 0.83  1000.0
y[2, 23, 2] = 0.17  82.46
y[2, 26, 2] = 0.17  24.08
y[2, 27, 2] = 0.17  61.77
y[2, 10, 2] = 0.17  43.17
y[2, 15, 2] = 0.17  25.06
y[2, 13, 2] = 0.17  62.13
y[2, 18, 2] = 0.17  43.08
y[2, 7, 2] = 0.17  8.0
y[2, 11, 2] = 0.17  14.42
y[2, 29, 2] = 0.17  20.1
y[2, 8, 2] = 0.17  55.32
y[2, 17, 2] = 0.17  37.36
y[2, 19, 2] = 0.17  18.44
y[2, 6, 2] = 0.17  27.2
y[2, 14, 2] = 0.17  59.06
y[2, 22, 2] = 0.17  38.47
y[2, 25, 2] = 0.17  56.32
y[2, 30, 2] = 0.17  22.36
true  4026

==2==
length of routes pool = 4052
LP Objective Value = 894.26,   sum y = 5.0
x[[1, 2, 1]]     91.21
y[2, 24, 2] = 0.44  25.06
y[2, 11, 2] = 0.44  14.42
y[2, 27, 8, 12, 10, 16, 20, 15, 6, 22, 2] = 0.44  137.29
y[2, 9, 2] = 0.44  7.21
y[2, 29, 2] = 0.44  20.1
y[2, 13, 10, 12, 16, 20, 7, 19, 28, 17, 2] = 0.44  141.84
y[2, 18, 2] = 0.44  43.08
y[2, 23, 14, 21, 26, 2] = 0.44  89.16
y[2, 25, 2] = 0.44  56.32
y[2, 6, 7, 8, 9, 10, 11, 12, 13, 14, 15, 16, 17, 18, 19, 20, 21, 22, 23, 24, 25, 26, 27, 28, 29, 30, 2] = 0.56  1000.0
y[2, 30, 2] = 0.44  22.36
true  6129

==3==
length of routes pool = 10181
LP Objective Value = 488.64,   sum y = 5.0
x[[1, 2, 1]]     91.21
y[2, 23, 14, 13, 8, 2] = 0.07  104.25
y[2, 17, 29, 2] = 0.43  38.73
y[2, 23, 14, 21, 6, 2] = 0.07  93.07
y[2, 7, 19, 28, 29, 2] = 0.36  44.57
y[2, 24, 26, 15, 17, 28, 19, 2] = 0.43  76.88
y[2, 18, 24, 30, 2] = 0.07  56.58
y[2, 23, 14, 21, 10, 12, 16, 20, 7, 2] = 0.07  116.3
y[2, 27, 8, 12, 21, 10, 18, 2] = 0.07  96.66
y[2, 20, 16, 10, 12, 13, 27, 6, 24, 2] = 0.07  114.16
y[2, 26, 24, 9, 11, 30, 2] = 0.14  47.51
y[2, 18, 26, 7, 19, 28, 29, 2] = 0.14  85.11
y[2, 23, 14, 21, 10, 9, 2] = 0.79  91.69
y[2, 25, 22, 18, 15, 7, 2] = 0.36  79.87
y[2, 24, 22, 11, 30, 2] = 0.14  47.88
y[2, 20, 16, 10, 12, 13, 27, 8, 6, 2] = 0.86  117.74
y[2, 18, 15, 26, 11, 30, 2] = 0.21  61.79
y[2, 26, 24, 11, 7, 29, 28, 19, 2] = 0.07  75.43
y[2, 25, 18, 17, 2] = 0.14  82.33
y[2, 25, 22, 11, 30, 2] = 0.43  66.86
y[2, 25, 22, 24, 9, 2] = 0.07  58.01
true  1852

==4==
length of routes pool = 12033
LP Objective Value = 425.82,   sum y = 5.0
x[[1, 2, 1]]     91.21
y[2, 23, 14, 21, 12, 10, 15, 2] = 0.47  92.01
y[2, 30, 11, 9, 2] = 0.47  22.51
y[2, 11, 24, 26, 15, 18, 10, 2] = 0.47  60.35
y[2, 9, 2] = 0.12  7.21
y[2, 30, 24, 9, 2] = 0.18  31.48
y[2, 30, 13, 18, 15, 2] = 0.06  74.1
y[2, 30, 24, 6, 26, 2] = 0.29  38.36
y[2, 13, 25, 27, 22, 2] = 0.29  79.73
y[2, 18, 21, 13, 10, 2] = 0.06  71.6
y[2, 19, 28, 17, 16, 20, 29, 7, 2] = 0.82  75.57
y[2, 6, 27, 25, 8, 22, 2] = 0.71  70.08
y[2, 23, 14, 13, 8, 2] = 0.29  104.25
y[2, 18, 26, 24, 11, 9, 2] = 0.06  53.45
y[2, 19, 28, 17, 16, 20, 29, 7, 9, 2] = 0.18  82.45
y[2, 23, 14, 12, 18, 2] = 0.06  84.67
y[2, 18, 13, 21, 12, 2] = 0.29  73.81
y[2, 23, 14, 21, 12, 26, 2] = 0.18  89.83
true  763

==5==
length of routes pool = 12796
LP Objective Value = 413.98,   sum y = 5.0
x[[1, 2, 1]]     91.21
y[2, 29, 17, 20, 18, 15, 2] = 0.12  61.73
y[2, 18, 10, 13, 8, 26, 2] = 0.12  72.68
y[2, 26, 15, 20, 17, 28, 19, 2] = 0.25  69.44
y[2, 9, 11, 30, 24, 6, 2] = 0.12  34.98
y[2, 9, 26, 24, 30, 11, 2] = 0.12  39.99
y[2, 7, 20, 16, 23, 21, 13, 2] = 0.25  104.31
y[2, 23, 14, 21, 10, 26, 2] = 0.25  89.36
y[2, 26, 18, 12, 14, 21, 2] = 0.12  64.85
y[2, 15, 18, 12, 14, 13, 10, 2] = 0.5  75.26
y[2, 17, 16, 23, 21, 12, 2] = 0.25  93.73
y[2, 13, 25, 27, 22, 2] = 0.12  79.73
y[2, 19, 28, 17, 16, 20, 29, 7, 2] = 0.12  75.57
y[2, 6, 27, 25, 8, 22, 2] = 0.88  70.08
y[2, 9, 11, 30, 24, 2] = 0.75  31.08
y[2, 29, 17, 16, 20, 15, 26, 2] = 0.12  62.87
y[2, 18, 12, 14, 23, 16, 20, 2] = 0.12  90.94
y[2, 19, 28, 29, 7, 2] = 0.62  42.54
y[2, 17, 16, 23, 21, 10, 2] = 0.12  94.29
true  72

==6==
length of routes pool = 12868
LP Objective Value = 406.74,   sum y = 5.0
x[[1, 2, 1]]     91.21
y[2, 11, 30, 24, 6, 26, 2] = 0.33  38.51
y[2, 19, 28, 17, 29, 7, 2] = 0.67  58.85
y[2, 19, 28, 29, 17, 20, 15, 2] = 0.17  68.53
y[2, 9, 2] = 0.33  7.21
y[2, 9, 30, 24, 6, 26, 2] = 0.5  38.4
y[2, 18, 12, 14, 23, 16, 20, 7, 2] = 0.17  91.68
y[2, 10, 13, 21, 23, 16, 20, 2] = 0.33  104.54
y[2, 25, 8, 13, 10, 26, 2] = 0.17  71.44
y[2, 23, 14, 21, 12, 15, 2] = 0.17  88.57
y[2, 22, 27, 25, 13, 10, 2] = 0.17  80.69
y[2, 11, 22, 27, 25, 8, 2] = 0.5  68.87
y[2, 9, 11, 30, 24, 2] = 0.17  31.08
y[2, 15, 12, 14, 21, 18, 2] = 0.33  63.58
y[2, 15, 10, 13, 8, 27, 22, 2] = 0.17  81.86
y[2, 22, 27, 25, 8, 6, 2] = 0.17  67.64
y[2, 18, 12, 14, 23, 16, 20, 2] = 0.33  90.94
y[2, 15, 10, 13, 21, 18, 2] = 0.17  72.59
y[2, 7, 29, 17, 16, 28, 19, 2] = 0.17  72.27
true  9

==7==
length of routes pool = 12877
LP Objective Value = 405.62,   sum y = 5.0
x[[1, 2, 1]]     91.21
y[2, 11, 30, 24, 6, 26, 2] = 0.33  38.51
y[2, 19, 28, 17, 29, 7, 2] = 1.0  58.85
y[2, 9, 2] = 0.33  7.21
y[2, 9, 30, 24, 26, 15, 2] = 0.33  43.13
y[2, 9, 30, 24, 6, 26, 2] = 0.33  38.4
y[2, 10, 13, 21, 23, 16, 20, 2] = 0.33  104.54
y[2, 10, 13, 21, 14, 12, 15, 2] = 0.33  75.01
y[2, 11, 22, 27, 25, 8, 2] = 0.67  68.87
y[2, 22, 27, 25, 8, 6, 2] = 0.33  67.64
y[2, 18, 12, 14, 23, 16, 20, 2] = 0.67  90.94
y[2, 15, 10, 13, 21, 18, 2] = 0.33  72.59
false  0
MILP Result:
413.13
[1, 2, 1]    91.21
[2, 17, 16, 23, 18, 20, 2]   97.08
[2, 19, 28, 29, 7, 2]   42.54
[2, 9, 30, 24, 6, 26, 2]   38.4
[2, 11, 22, 27, 25, 8, 2]   68.87
[2, 15, 12, 14, 21, 13, 10, 2]   75.01
Start column generation for root node of [1, 2, 3, 1]

==1==
length of routes pool = 26
LP Objective Value = 1066.71,   sum y = 5.0
x[[1, 2, 3, 1]]     91.32
y[3, 9, 3] = 0.17  43.86
y[3, 20, 3] = 0.17  22.0
y[3, 24, 3] = 0.17  38.63
y[3, 16, 3] = 0.17  27.2
y[3, 28, 3] = 0.17  64.03
y[3, 12, 3] = 0.17  8.94
y[3, 21, 3] = 0.17  20.1
y[3, 6, 7, 8, 9, 10, 11, 12, 13, 14, 15, 16, 17, 18, 19, 20, 21, 22, 23, 24, 25, 26, 27, 28, 29, 30, 3] = 0.83  1000.0
y[3, 23, 3] = 0.17  39.6
y[3, 26, 3] = 0.17  25.06
y[3, 27, 3] = 0.17  56.92
y[3, 10, 3] = 0.17  15.23
y[3, 15, 3] = 0.17  18.44
y[3, 13, 3] = 0.17  32.8
y[3, 18, 3] = 0.17  8.94
y[3, 7, 3] = 0.17  39.4
y[3, 11, 3] = 0.17  45.61
y[3, 29, 3] = 0.17  38.21
y[3, 8, 3] = 0.17  40.25
y[3, 17, 3] = 0.17  28.64
y[3, 19, 3] = 0.17  51.42
y[3, 6, 3] = 0.17  33.53
y[3, 14, 3] = 0.17  16.49
y[3, 22, 3] = 0.17  42.05
y[3, 25, 3] = 0.17  43.86
y[3, 30, 3] = 0.17  51.11
true  2927

==2==
length of routes pool = 2953
LP Objective Value = 934.15,   sum y = 5.0
x[[1, 2, 3, 1]]     91.32
y[3, 13, 3] = 0.4  32.8
y[3, 28, 19, 7, 9, 11, 27, 8, 22, 3] = 0.4  125.24
y[3, 14, 3] = 0.4  16.49
y[3, 23, 3] = 0.4  39.6
y[3, 20, 7, 28, 19, 9, 11, 24, 6, 26, 3] = 0.4  91.96
y[3, 7, 19, 28, 16, 17, 3] = 0.4  84.27
y[3, 29, 3] = 0.4  38.21
y[3, 18, 3] = 0.4  8.94
y[3, 25, 3] = 0.4  43.86
y[3, 6, 7, 8, 9, 10, 11, 12, 13, 14, 15, 16, 17, 18, 19, 20, 21, 22, 23, 24, 25, 26, 27, 28, 29, 30, 3] = 0.6  1000.0
y[3, 15, 3] = 0.4  18.44
y[3, 28, 19, 7, 9, 30, 10, 12, 21, 3] = 0.4  107.25
true  2924

==3==
length of routes pool = 5877
LP Objective Value = 555.39,   sum y = 5.0
x[[1, 2, 3, 1]]     91.32
y[3, 20, 7, 28, 19, 9, 11, 6, 27, 10, 18, 3] = 0.31  120.05
y[3, 28, 19, 7, 9, 11, 6, 27, 10, 20, 17, 3] = 0.31  144.28
y[3, 20, 7, 28, 19, 9, 11, 6, 27, 10, 23, 3] = 0.31  155.92
y[3, 25, 8, 13, 14, 3] = 0.31  54.12
y[3, 29, 17, 3] = 0.62  43.42
y[3, 8, 22, 12, 18, 3] = 0.62  57.51
y[3, 8, 22, 15, 12, 21, 3] = 0.31  74.56
y[3, 8, 25, 24, 30, 3] = 0.62  71.01
y[3, 8, 13, 23, 3] = 0.62  72.89
y[3, 6, 7, 8, 9, 10, 11, 12, 13, 14, 15, 16, 17, 18, 19, 20, 21, 22, 23, 24, 25, 26, 27, 28, 29, 30, 3] = 0.08  1000.0
y[3, 26, 15, 16, 14, 21, 3] = 0.62  66.67
y[3, 16, 29, 26, 24, 30, 3] = 0.31  86.28
true  1032

==4==
length of routes pool = 6909
LP Objective Value = 423.01,   sum y = 5.0
x[[1, 2, 3, 1]]     91.32
y[3, 23, 21, 10, 18, 3] = 0.12  52.18
y[3, 16, 29, 15, 26, 18, 3] = 0.21  63.48
y[3, 20, 17, 29, 3] = 0.21  46.43
y[3, 15, 26, 29, 16, 17, 3] = 0.45  68.55
y[3, 20, 7, 28, 19, 9, 11, 24, 6, 27, 10, 12, 3] = 0.21  122.59
y[3, 28, 19, 7, 9, 11, 30, 22, 3] = 0.27  97.27
y[3, 18, 6, 24, 11, 30, 3] = 0.33  57.87
y[3, 20, 7, 28, 19, 9, 11, 24, 27, 8, 10, 3] = 0.06  119.01
y[3, 20, 7, 28, 19, 9, 11, 24, 6, 26, 3] = 0.06  91.96
y[3, 25, 27, 22, 3] = 0.06  61.62
y[3, 18, 6, 24, 22, 3] = 0.33  48.93
y[3, 23, 21, 13, 3] = 0.06  61.21
y[3, 25, 8, 27, 22, 3] = 0.33  65.62
y[3, 23, 14, 21, 12, 3] = 0.64  47.38
y[3, 14, 21, 3] = 0.18  21.9
y[3, 12, 26, 15, 16, 17, 20, 3] = 0.15  64.45
y[3, 14, 23, 20, 17, 16, 3] = 0.18  77.31
y[3, 15, 26, 29, 20, 3] = 0.12  49.38
y[3, 28, 19, 7, 9, 11, 30, 6, 15, 3] = 0.06  93.62
y[3, 25, 8, 13, 10, 3] = 0.61  50.93
y[3, 28, 19, 7, 9, 30, 27, 13, 3] = 0.33  120.52
true  679

==5==
length of routes pool = 7588
LP Objective Value = 389.95,   sum y = 5.0
x[[1, 2, 3, 1]]     91.32
y[3, 10, 13, 27, 22, 24, 6, 3] = 0.5  73.48
y[3, 16, 17, 29, 20, 15, 3] = 0.5  55.35
y[3, 28, 19, 7, 9, 11, 30, 24, 3] = 0.5  90.73
y[3, 28, 19, 7, 9, 11, 30, 6, 26, 3] = 0.5  91.83
y[3, 23, 21, 12, 18, 3] = 0.5  48.71
y[3, 25, 8, 13, 14, 3] = 0.5  54.12
y[3, 10, 22, 27, 25, 8, 3] = 0.5  62.96
y[3, 16, 17, 29, 20, 15, 26, 3] = 0.5  63.76
y[3, 18, 3] = 0.5  8.94
y[3, 23, 14, 21, 12, 3] = 0.5  47.38
true  263

==6==
length of routes pool = 7851
LP Objective Value = 383.09,   sum y = 5.0
x[[1, 2, 3, 1]]     91.32
y[3, 20, 29, 19, 28, 17, 16, 3] = 0.12  76.68
y[3, 17, 16, 23, 14, 3] = 0.13  65.26
y[3, 26, 22, 8, 25, 3] = 0.25  58.08
y[3, 28, 19, 7, 9, 11, 30, 6, 26, 3] = 0.25  91.83
y[3, 7, 9, 11, 30, 24, 6, 3] = 0.62  61.51
y[3, 10, 27, 25, 8, 13, 3] = 0.38  62.84
y[3, 15, 26, 6, 24, 22, 3] = 0.12  49.98
y[3, 13, 27, 22, 24, 26, 3] = 0.25  71.84
y[3, 18, 10, 13, 21, 12, 3] = 0.38  38.12
y[3, 10, 22, 27, 25, 8, 3] = 0.25  62.96
y[3, 16, 17, 29, 20, 15, 26, 3] = 0.12  63.76
y[3, 23, 14, 18, 3] = 0.25  46.17
y[3, 18, 3] = 0.38  8.94
y[3, 23, 14, 21, 12, 3] = 0.62  47.38
y[3, 15, 20, 29, 19, 28, 17, 16, 3] = 0.63  82.11
y[3, 15, 22, 27, 25, 8, 3] = 0.12  66.16
y[3, 20, 29, 7, 9, 11, 30, 3] = 0.13  65.89
true  204

==7==
length of routes pool = 8055
LP Objective Value = 379.63,   sum y = 5.0
x[[1, 2, 3, 1]]     91.32
y[3, 20, 17, 16, 23, 14, 3] = 0.06  68.26
y[3, 18, 22, 24, 6, 26, 3] = 0.11  48.9
y[3, 18, 12, 21, 14, 3] = 0.14  25.24
y[3, 28, 19, 7, 9, 11, 30, 6, 26, 3] = 0.06  91.83
y[3, 13, 25, 27, 22, 10, 3] = 0.28  68.01
y[3, 7, 9, 11, 30, 24, 6, 3] = 0.78  61.51
y[3, 10, 27, 25, 8, 13, 3] = 0.44  62.84
y[3, 23, 21, 12, 18, 3] = 0.14  48.71
y[3, 26, 30, 11, 7, 19, 28, 29, 3] = 0.06  90.09
y[3, 16, 17, 29, 7, 26, 15, 3] = 0.06  63.44
y[3, 20, 29, 28, 19, 9, 11, 24, 6, 3] = 0.06  85.41
y[3, 26, 22, 27, 8, 13, 3] = 0.28  69.72
y[3, 16, 17, 20, 15, 26, 18, 3] = 0.06  54.41
y[3, 26, 22, 25, 8, 10, 3] = 0.28  55.91
y[3, 23, 14, 18, 3] = 0.08  46.17
y[3, 18, 3] = 0.47  8.94
y[3, 23, 14, 21, 12, 3] = 0.72  47.38
y[3, 15, 20, 29, 19, 28, 17, 16, 3] = 0.83  82.11
y[3, 7, 9, 30, 24, 26, 15, 3] = 0.06  63.19
y[3, 26, 22, 30, 11, 9, 3] = 0.06  65.41
true  28

==8==
length of routes pool = 8083
LP Objective Value = 376.74,   sum y = 5.0
x[[1, 2, 3, 1]]     91.32
y[3, 18, 22, 24, 6, 26, 3] = 0.5  48.9
y[3, 10, 27, 25, 8, 13, 3] = 1.0  62.84
y[3, 16, 17, 29, 28, 19, 7, 15, 3] = 0.5  81.59
y[3, 20, 7, 9, 11, 30, 24, 6, 3] = 0.5  63.44
y[3, 18, 3] = 0.5  8.94
y[3, 23, 14, 21, 12, 3] = 1.0  47.38
y[3, 15, 20, 29, 19, 28, 17, 16, 3] = 0.5  82.11
y[3, 26, 22, 30, 11, 9, 3] = 0.5  65.41
true  9

==9==
length of routes pool = 8092
LP Objective Value = 375.11,   sum y = 5.0
x[[1, 2, 3, 1]]     91.32
y[3, 26, 9, 11, 30, 24, 3] = 0.5  57.55
y[3, 10, 27, 25, 8, 13, 3] = 0.25  62.84
y[3, 26, 22, 25, 13, 3] = 0.25  60.93
y[3, 10, 8, 25, 27, 22, 6, 3] = 0.5  63.97
y[3, 16, 17, 29, 28, 19, 7, 15, 3] = 0.5  81.59
y[3, 18, 10, 13, 21, 12, 3] = 0.25  38.12
y[3, 26, 22, 27, 8, 13, 3] = 0.25  69.72
y[3, 20, 7, 9, 11, 30, 24, 6, 3] = 0.5  63.44
y[3, 23, 14, 18, 3] = 0.25  46.17
y[3, 18, 3] = 0.5  8.94
y[3, 23, 14, 21, 12, 3] = 0.75  47.38
y[3, 15, 20, 29, 19, 28, 17, 16, 3] = 0.5  82.11
true  13

==10==
length of routes pool = 8105
LP Objective Value = 373.58,   sum y = 5.0
x[[1, 2, 3, 1]]     91.32
y[3, 10, 27, 25, 8, 13, 3] = 0.25  62.84
y[3, 10, 8, 25, 27, 22, 6, 3] = 0.5  63.97
y[3, 16, 17, 29, 28, 19, 7, 15, 3] = 0.5  81.59
y[3, 26, 24, 30, 11, 9, 3] = 0.5  56.47
y[3, 18, 10, 13, 21, 12, 3] = 0.25  38.12
y[3, 13, 25, 27, 22, 3] = 0.25  66.86
y[3, 20, 7, 9, 11, 30, 24, 6, 3] = 0.25  63.44
y[3, 23, 14, 18, 3] = 0.25  46.17
y[3, 18, 3] = 0.5  8.94
y[3, 23, 14, 21, 12, 3] = 0.75  47.38
y[3, 15, 20, 29, 19, 28, 17, 16, 3] = 0.5  82.11
y[3, 26, 24, 30, 11, 9, 7, 20, 3] = 0.25  63.45
y[3, 26, 6, 22, 8, 13, 3] = 0.25  59.82
false  0
MILP Result:
377.49
[1, 2, 3, 1]    91.32
[3, 23, 14, 3]   41.46
[3, 18, 10, 13, 21, 12, 3]   38.12
[3, 8, 25, 27, 22, 6, 3]   63.95
[3, 16, 17, 20, 29, 28, 19, 7, 15, 3]   86.16
[3, 26, 24, 30, 11, 9, 3]   56.47
Start column generation for root node of [1, 4, 1]

==1==
length of routes pool = 26
LP Objective Value = 1193.83,   sum y = 5.0
x[[1, 4, 1]]     117.8
y[4, 9, 4] = 0.17  26.08
y[4, 20, 4] = 0.17  54.41
y[4, 24, 4] = 0.17  40.79
y[4, 16, 4] = 0.17  76.16
y[4, 28, 4] = 0.17  47.07
y[4, 12, 4] = 0.17  73.78
y[4, 21, 4] = 0.17  85.09
y[4, 6, 7, 8, 9, 10, 11, 12, 13, 14, 15, 16, 17, 18, 19, 20, 21, 22, 23, 24, 25, 26, 27, 28, 29, 30, 4] = 0.83  1000.0
y[4, 23, 4] = 0.17  109.12
y[4, 26, 4] = 0.17  47.41
y[4, 27, 4] = 0.17  72.69
y[4, 10, 4] = 0.17  67.08
y[4, 15, 4] = 0.17  51.22
y[4, 13, 4] = 0.17  83.52
y[4, 18, 4] = 0.17  68.26
y[4, 7, 4] = 0.17  33.29
y[4, 11, 4] = 0.17  27.2
y[4, 29, 4] = 0.17  43.08
y[4, 8, 4] = 0.17  72.44
y[4, 17, 4] = 0.17  62.61
y[4, 19, 4] = 0.17  32.25
y[4, 6, 4] = 0.17  45.61
y[4, 14, 4] = 0.17  84.88
y[4, 22, 4] = 0.17  52.04
y[4, 25, 4] = 0.17  72.11
y[4, 30, 4] = 0.17  28.0
true  4124

==2==
length of routes pool = 4150
LP Objective Value = 1028.5,   sum y = 5.0
x[[1, 4, 1]]     117.8
y[4, 20, 16, 10, 12, 13, 27, 8, 26, 4] = 0.2  143.56
y[4, 28, 4] = 0.2  47.07
y[4, 23, 12, 10, 8, 25, 4] = 0.2  129.11
y[4, 21, 18, 4] = 0.4  85.22
y[4, 20, 16, 10, 12, 13, 27, 25, 4] = 0.2  137.36
y[4, 24, 4] = 0.2  40.79
y[4, 11, 4] = 0.4  27.2
y[4, 10, 12, 14, 16, 20, 15, 6, 26, 4] = 0.2  120.27
y[4, 22, 4] = 0.4  52.04
y[4, 10, 12, 16, 20, 19, 7, 6, 24, 4] = 0.2  128.73
y[4, 9, 4] = 0.4  26.08
y[4, 29, 4] = 0.4  43.08
y[4, 20, 10, 12, 14, 23, 16, 15, 7, 19, 28, 4] = 0.2  158.16
y[4, 6, 7, 8, 9, 10, 11, 12, 13, 14, 15, 16, 17, 18, 19, 20, 21, 22, 23, 24, 25, 26, 27, 28, 29, 30, 4] = 0.6  1000.0
y[4, 30, 4] = 0.4  28.0
y[4, 17, 4] = 0.4  62.61
true  4110

==3==
length of routes pool = 8260
LP Objective Value = 616.45,   sum y = 5.0
x[[1, 4, 1]]     117.8
y[4, 28, 19, 17, 26, 6, 11, 9, 7, 4] = 0.24  110.64
y[4, 17, 29, 4] = 0.53  62.85
y[4, 28, 19, 26, 6, 24, 25, 27, 4] = 0.24  120.48
y[4, 19, 28, 29, 17, 4] = 0.18  80.67
y[4, 28, 17, 19, 11, 30, 4] = 0.06  94.56
y[4, 23, 14, 21, 15, 4] = 0.24  114.92
y[4, 23, 14, 21, 10, 7, 9, 4] = 0.06  122.15
y[4, 28, 19, 29, 26, 24, 22, 4] = 0.12  96.26
y[4, 21, 12, 10, 14, 23, 16, 20, 7, 4] = 0.24  138.32
y[4, 23, 14, 21, 8, 4] = 0.24  124.83
y[4, 28, 19, 29, 26, 6, 24, 9, 4] = 0.18  86.91
y[4, 22, 6, 11, 30, 4] = 0.35  59.76
y[4, 18, 25, 22, 9, 4] = 0.53  90.84
y[4, 11, 30, 4] = 0.35  31.72
y[4, 20, 16, 10, 12, 13, 27, 8, 15, 4] = 0.29  148.92
y[4, 7, 10, 12, 16, 20, 15, 27, 8, 13, 4] = 0.47  165.18
y[4, 23, 14, 21, 24, 4] = 0.24  116.02
y[4, 18, 26, 24, 30, 4] = 0.24  73.04
y[4, 18, 13, 25, 4] = 0.24  93.49
true  1589

==4==
length of routes pool = 9849
LP Objective Value = 546.81,   sum y = 5.0
x[[1, 4, 1]]     117.8
y[4, 30, 11, 9, 4] = 1.0  34.77
y[4, 27, 25, 8, 13, 4] = 1.0  96.05
y[4, 23, 14, 21, 12, 10, 15, 4] = 1.0  118.43
y[4, 18, 26, 6, 22, 24, 4] = 1.0  83.37
y[4, 7, 20, 16, 17, 29, 19, 28, 4] = 1.0  96.39
true  101

==5==
length of routes pool = 9950
LP Objective Value = 545.43,   sum y = 5.0
x[[1, 4, 1]]     117.8
y[4, 30, 11, 9, 4] = 0.67  34.77
y[4, 15, 18, 13, 8, 27, 4] = 0.33  101.65
y[4, 25, 27, 8, 13, 6, 4] = 0.33  102.78
y[4, 23, 14, 21, 12, 10, 15, 4] = 0.67  118.43
y[4, 24, 25, 8, 13, 10, 4] = 0.33  91.45
y[4, 18, 26, 6, 22, 24, 4] = 0.67  83.37
y[4, 11, 9, 4] = 0.33  30.25
y[4, 7, 20, 16, 17, 29, 19, 28, 4] = 1.0  96.39
y[4, 23, 14, 21, 12, 26, 4] = 0.33  114.83
y[4, 30, 27, 25, 22, 4] = 0.33  79.63
false  0
MILP Result:
546.81
[1, 4, 1]    117.8
[4, 23, 14, 21, 12, 10, 15, 4]   118.43
[4, 18, 26, 6, 22, 24, 4]   83.37
[4, 30, 11, 9, 4]   34.77
[4, 7, 20, 16, 17, 29, 19, 28, 4]   96.39
[4, 27, 25, 8, 13, 4]   96.05
Start column generation for root node of [1, 2, 5, 1]

==1==
length of routes pool = 26
LP Objective Value = 1156.06,   sum y = 5.0
x[[1, 2, 5, 1]]     93.16
y[5, 9, 5] = 0.17  72.8
y[5, 20, 5] = 0.17  44.05
y[5, 24, 5] = 0.17  69.08
y[5, 16, 5] = 0.17  28.64
y[5, 28, 5] = 0.17  80.32
y[5, 12, 5] = 0.17  32.25
y[5, 21, 5] = 0.17  31.05
y[5, 6, 7, 8, 9, 10, 11, 12, 13, 14, 15, 16, 17, 18, 19, 20, 21, 22, 23, 24, 25, 26, 27, 28, 29, 30, 5] = 0.83  1000.0
y[5, 23, 5] = 0.17  16.0
y[5, 26, 5] = 0.17  55.46
y[5, 27, 5] = 0.17  82.22
y[5, 10, 5] = 0.17  42.43
y[5, 15, 5] = 0.17  47.71
y[5, 13, 5] = 0.17  50.0
y[5, 18, 5] = 0.17  36.88
y[5, 7, 5] = 0.17  65.12
y[5, 11, 5] = 0.17  75.47
y[5, 29, 5] = 0.17  59.36
y[5, 8, 5] = 0.17  64.28
y[5, 17, 5] = 0.17  41.23
y[5, 19, 5] = 0.17  73.78
y[5, 6, 5] = 0.17  63.91
y[5, 14, 5] = 0.17  24.33
y[5, 22, 5] = 0.17  71.39
y[5, 25, 5] = 0.17  68.26
y[5, 30, 5] = 0.17  81.41
true  7906

==2==
length of routes pool = 7932
LP Objective Value = 936.52,   sum y = 5.0
x[[1, 2, 5, 1]]     93.16
y[5, 13, 5] = 0.44  50.0
y[5, 14, 5] = 0.44  24.33
y[5, 27, 22, 30, 5] = 0.44  105.52
y[5, 27, 25, 8, 24, 15, 5] = 0.44  101.96
y[5, 23, 5] = 0.44  16.0
y[5, 29, 5] = 0.44  59.36
y[5, 27, 11, 9, 7, 19, 28, 20, 26, 6, 10, 12, 16, 5] = 0.44  181.23
y[5, 18, 5] = 0.44  36.88
y[5, 21, 5] = 0.44  31.05
y[5, 6, 7, 8, 9, 10, 11, 12, 13, 14, 15, 16, 17, 18, 19, 20, 21, 22, 23, 24, 25, 26, 27, 28, 29, 30, 5] = 0.56  1000.0
y[5, 17, 5] = 0.44  41.23
true  2850

==3==
length of routes pool = 10782
LP Objective Value = 588.0,   sum y = 5.0
x[[1, 2, 5, 1]]     93.16
y[5, 20, 7, 19, 28, 9, 11, 24, 6, 10, 8, 5] = 0.3  142.61
y[5, 27, 22, 24, 25, 5] = 0.12  109.74
y[5, 28, 19, 7, 9, 11, 6, 10, 14, 5] = 0.12  111.95
y[5, 30, 29, 20, 17, 5] = 0.48  96.77
y[5, 18, 12, 23, 5] = 0.42  48.14
y[5, 30, 29, 15, 17, 5] = 0.06  108.27
y[5, 20, 7, 19, 28, 9, 11, 24, 6, 26, 5] = 0.06  118.72
y[5, 28, 19, 7, 9, 11, 6, 10, 18, 5] = 0.18  111.09
y[5, 27, 25, 8, 22, 6, 10, 5] = 0.18  100.21
y[5, 13, 21, 5] = 0.96  50.01
y[5, 30, 29, 17, 16, 5] = 0.42  92.98
y[5, 27, 22, 6, 11, 7, 19, 28, 20, 14, 5] = 0.12  148.64
y[5, 27, 25, 24, 7, 19, 28, 14, 5] = 0.18  148.46
y[5, 18, 12, 15, 26, 22, 5] = 0.36  84.94
y[5, 6, 7, 8, 9, 10, 11, 12, 13, 14, 15, 16, 17, 18, 19, 20, 21, 22, 23, 24, 25, 26, 27, 28, 29, 30, 5] = 0.04  1000.0
y[5, 16, 12, 26, 15, 14, 23, 5] = 0.54  88.98
y[5, 27, 25, 8, 22, 11, 10, 5] = 0.18  115.35
y[5, 27, 25, 8, 24, 9, 5] = 0.3  112.0
true  739

==4==
length of routes pool = 11521
LP Objective Value = 500.22,   sum y = 5.0
x[[1, 2, 5, 1]]     93.16
y[5, 12, 26, 15, 20, 29, 17, 5] = 0.2  80.75
y[5, 23, 14, 20, 17, 16, 5] = 0.2  68.23
y[5, 12, 18, 26, 15, 29, 16, 5] = 0.2  78.68
y[5, 27, 25, 8, 13, 5] = 0.4  84.05
y[5, 30, 29, 17, 16, 5] = 0.6  92.98
y[5, 28, 19, 7, 9, 11, 6, 10, 12, 18, 5] = 0.4  115.86
y[5, 18, 12, 21, 5] = 0.2  42.87
y[5, 27, 25, 8, 22, 15, 5] = 0.6  100.56
y[5, 23, 5] = 0.4  16.0
y[5, 20, 7, 19, 28, 9, 11, 24, 6, 26, 5] = 0.6  118.72
y[5, 14, 10, 22, 24, 30, 5] = 0.4  91.65
y[5, 14, 21, 13, 5] = 0.4  50.26
y[5, 23, 21, 10, 18, 5] = 0.2  54.35
y[5, 23, 21, 13, 5] = 0.2  58.01
true  926

==5==
length of routes pool = 12447
LP Objective Value = 479.12,   sum y = 5.0
x[[1, 2, 5, 1]]     93.16
y[5, 12, 26, 15, 20, 29, 17, 5] = 0.27  80.75
y[5, 17, 28, 19, 29, 20, 18, 5] = 0.13  97.66
y[5, 12, 18, 26, 15, 29, 16, 5] = 0.25  78.68
y[5, 27, 25, 8, 13, 5] = 0.62  84.05
y[5, 27, 25, 8, 22, 6, 10, 5] = 0.38  100.21
y[5, 17, 29, 7, 9, 11, 6, 5] = 0.21  88.76
y[5, 12, 26, 15, 29, 17, 5] = 0.04  77.94
y[5, 16, 28, 19, 7, 9, 11, 30, 15, 5] = 0.38  113.45
y[5, 12, 18, 13, 21, 5] = 0.33  56.49
y[5, 23, 13, 21, 5] = 0.06  57.03
y[5, 23, 5] = 0.56  16.0
y[5, 14, 21, 23, 5] = 0.38  39.3
y[5, 20, 7, 19, 28, 9, 11, 24, 6, 26, 5] = 0.38  118.72
y[5, 16, 19, 7, 9, 11, 30, 6, 26, 5] = 0.02  103.48
y[5, 14, 10, 22, 24, 26, 5] = 0.02  78.53
y[5, 16, 17, 20, 15, 18, 12, 5] = 0.04  63.1
y[5, 12, 18, 26, 15, 29, 28, 5] = 0.02  100.84
y[5, 14, 10, 22, 24, 30, 5] = 0.6  91.65
y[5, 16, 17, 18, 12, 21, 5] = 0.06  63.85
y[5, 16, 17, 20, 18, 21, 5] = 0.17  65.38
y[5, 16, 28, 19, 29, 17, 5] = 0.08  88.04
true  729

==6==
length of routes pool = 13176
LP Objective Value = 461.18,   sum y = 5.0
x[[1, 2, 5, 1]]     93.16
y[5, 16, 17, 20, 15, 26, 18, 5] = 0.13  69.09
y[5, 17, 28, 19, 29, 20, 18, 5] = 0.08  97.66
y[5, 10, 6, 24, 22, 27, 13, 5] = 0.23  96.92
y[5, 16, 20, 29, 19, 9, 11, 30, 5] = 0.17  102.34
y[5, 10, 6, 24, 22, 27, 25, 5] = 0.18  95.59
y[5, 14, 13, 8, 25, 5] = 0.3  70.24
y[5, 27, 25, 8, 22, 6, 10, 5] = 0.31  100.21
y[5, 12, 10, 26, 6, 24, 30, 11, 5] = 0.09  88.07
y[5, 10, 6, 24, 22, 27, 8, 5] = 0.06  95.59
y[5, 16, 28, 19, 7, 9, 11, 30, 15, 5] = 0.17  113.45
y[5, 12, 18, 13, 21, 5] = 0.26  56.49
y[5, 26, 24, 30, 11, 9, 7, 20, 5] = 0.31  89.67
y[5, 13, 27, 25, 8, 5] = 0.21  83.6
y[5, 23, 5] = 0.62  16.0
y[5, 14, 21, 23, 5] = 0.38  39.3
y[5, 22, 30, 11, 9, 15, 5] = 0.09  92.05
y[5, 17, 29, 28, 19, 7, 26, 15, 5] = 0.35  102.46
y[5, 16, 17, 20, 15, 18, 12, 5] = 0.17  63.1
y[5, 16, 28, 29, 7, 9, 11, 30, 5] = 0.17  115.46
y[5, 17, 29, 28, 19, 9, 15, 5] = 0.09  103.17
y[5, 12, 10, 26, 6, 24, 22, 8, 5] = 0.12  88.29
y[5, 17, 28, 19, 29, 20, 16, 5] = 0.14  91.34
y[5, 18, 12, 21, 14, 5] = 0.32  43.12
y[5, 16, 17, 18, 12, 21, 5] = 0.04  63.85
true  62

==7==
length of routes pool = 13238
LP Objective Value = 452.02,   sum y = 5.0
x[[1, 2, 5, 1]]     93.16
y[5, 17, 29, 15, 18, 5] = 0.02  70.92
y[5, 16, 17, 29, 28, 19, 7, 15, 5] = 0.57  96.94
y[5, 26, 30, 11, 9, 29, 5] = 0.04  91.52
y[5, 16, 17, 20, 15, 26, 18, 5] = 0.21  69.09
y[5, 17, 28, 19, 29, 20, 18, 5] = 0.06  97.66
y[5, 10, 6, 30, 11, 9, 29, 20, 5] = 0.11  94.59
y[5, 12, 10, 6, 24, 30, 11, 9, 20, 5] = 0.28  88.87
y[5, 14, 13, 8, 25, 5] = 0.28  70.24
y[5, 13, 8, 25, 27, 10, 12, 5] = 0.04  85.05
y[5, 8, 25, 27, 22, 6, 10, 5] = 0.57  92.46
y[5, 16, 28, 19, 9, 11, 30, 24, 5] = 0.23  112.42
y[5, 26, 6, 24, 22, 18, 5] = 0.04  78.07
y[5, 13, 8, 27, 22, 26, 5] = 0.11  93.52
y[5, 12, 18, 13, 21, 5] = 0.28  56.49
y[5, 26, 24, 30, 11, 9, 7, 20, 5] = 0.28  89.67
y[5, 15, 30, 11, 9, 29, 20, 5] = 0.06  92.28
y[5, 23, 5] = 0.68  16.0
y[5, 14, 21, 23, 5] = 0.32  39.3
y[5, 17, 29, 28, 19, 7, 26, 15, 5] = 0.15  102.46
y[5, 26, 24, 22, 27, 13, 5] = 0.17  95.64
y[5, 13, 25, 27, 22, 5] = 0.11  90.13
y[5, 18, 12, 21, 14, 5] = 0.4  43.12
true  6

==8==
length of routes pool = 13244
LP Objective Value = 451.42,   sum y = 5.0
x[[1, 2, 5, 1]]     93.16
y[5, 16, 17, 29, 28, 19, 7, 15, 5] = 0.42  96.94
y[5, 16, 17, 20, 15, 26, 18, 5] = 0.21  69.09
y[5, 17, 28, 19, 29, 20, 18, 5] = 0.05  97.66
y[5, 12, 10, 6, 24, 30, 11, 9, 20, 5] = 0.26  88.87
y[5, 14, 13, 8, 25, 5] = 0.26  70.24
y[5, 13, 25, 27, 22, 10, 5] = 0.26  90.21
y[5, 8, 25, 27, 22, 6, 10, 5] = 0.47  92.46
y[5, 8, 27, 22, 24, 6, 15, 5] = 0.05  96.39
y[5, 16, 28, 19, 9, 11, 30, 24, 5] = 0.21  112.42
y[5, 18, 6, 24, 30, 11, 5] = 0.05  84.23
y[5, 13, 8, 27, 22, 26, 5] = 0.16  93.52
y[5, 12, 18, 13, 21, 5] = 0.26  56.49
y[5, 16, 17, 28, 19, 29, 20, 15, 5] = 0.16  97.46
y[5, 29, 7, 9, 11, 30, 26, 5] = 0.11  91.54
y[5, 26, 24, 30, 11, 9, 7, 20, 5] = 0.32  89.67
y[5, 26, 6, 24, 11, 9, 29, 5] = 0.05  89.29
y[5, 23, 5] = 0.68  16.0
y[5, 14, 21, 23, 5] = 0.32  39.3
y[5, 17, 29, 28, 19, 7, 26, 15, 5] = 0.16  102.46
y[5, 13, 8, 27, 22, 6, 12, 5] = 0.05  93.78
y[5, 29, 9, 30, 24, 6, 5] = 0.05  92.63
y[5, 18, 12, 21, 14, 5] = 0.42  43.12
true  1

==9==
length of routes pool = 13245
LP Objective Value = 451.21,   sum y = 5.0
x[[1, 2, 5, 1]]     93.16
y[5, 17, 29, 15, 18, 5] = 0.04  70.92
y[5, 16, 17, 29, 28, 19, 7, 15, 5] = 0.46  96.94
y[5, 16, 17, 20, 15, 26, 18, 5] = 0.21  69.09
y[5, 12, 10, 6, 24, 30, 11, 9, 20, 5] = 0.29  88.87
y[5, 14, 13, 8, 25, 5] = 0.25  70.24
y[5, 13, 25, 27, 22, 10, 5] = 0.21  90.21
y[5, 8, 25, 27, 22, 6, 10, 5] = 0.5  92.46
y[5, 16, 28, 19, 9, 11, 30, 24, 5] = 0.18  112.42
y[5, 18, 6, 24, 30, 11, 5] = 0.07  84.23
y[5, 13, 8, 27, 22, 26, 5] = 0.25  93.52
y[5, 12, 18, 13, 21, 5] = 0.25  56.49
y[5, 16, 17, 28, 19, 29, 20, 15, 5] = 0.11  97.46
y[5, 29, 7, 9, 11, 30, 26, 5] = 0.07  91.54
y[5, 26, 24, 30, 11, 9, 7, 20, 5] = 0.32  89.67
y[5, 13, 25, 27, 22, 12, 5] = 0.04  90.2
y[5, 23, 5] = 0.68  16.0
y[5, 14, 21, 23, 5] = 0.32  39.3
y[5, 17, 29, 28, 19, 7, 26, 15, 5] = 0.14  102.46
y[5, 29, 9, 30, 24, 6, 5] = 0.07  92.63
y[5, 20, 29, 28, 19, 9, 11, 24, 6, 5] = 0.07  111.63
y[5, 16, 17, 28, 19, 29, 15, 5] = 0.04  94.65
y[5, 18, 12, 21, 14, 5] = 0.43  43.12
false  0
MILP Result:
460.02
[1, 2, 5, 1]    93.16
[5, 14, 23, 5]   33.58
[5, 12, 18, 13, 21, 5]   56.49
[5, 26, 24, 30, 11, 9, 7, 20, 5]   89.67
[5, 16, 17, 28, 19, 29, 15, 5]   94.65
[5, 8, 25, 27, 22, 6, 10, 5]   92.46
Start column generation for root node of [1, 2, 4, 3, 1]

==1==
length of routes pool = 21034
LP Objective Value = 376.56,   sum y = 5.12
x[[1, 2, 4, 3, 1]]     117.97
y[3, 16, 17, 20, 15, 26, 18, 3] = 0.5  54.41
y[2, 11, 24, 22, 6, 26, 15, 2] = 0.12  50.05
y[3, 26, 22, 25, 13, 3] = 0.13  60.93
y[3, 18, 10, 13, 21, 12, 3] = 0.5  38.12
y[3, 15, 22, 27, 25, 8, 3] = 0.38  66.16
y[3, 20, 17, 16, 23, 14, 3] = 0.5  68.26
y[2, 19, 28, 29, 7, 2] = 0.88  42.54
y[3, 10, 8, 25, 27, 22, 6, 3] = 0.25  63.97
y[2, 30, 11, 9, 19, 28, 29, 7, 2] = 0.12  64.96
y[3, 23, 14, 21, 12, 3] = 0.5  47.38
y[2, 9, 11, 30, 24, 2] = 0.25  31.08
y[3, 10, 27, 25, 8, 13, 3] = 0.25  62.84
y[2, 9, 30, 24, 6, 26, 2] = 0.12  38.4
y[2, 9, 11, 30, 24, 6, 2] = 0.5  34.98
y[3, 26, 22, 27, 8, 13, 3] = 0.13  69.72
true  356

==2==
length of routes pool = 21390
LP Objective Value = 375.39,   sum y = 5.0
x[[1, 2, 4, 3, 1]]     117.97
y[3, 16, 17, 20, 15, 26, 18, 3] = 0.5  54.41
y[2, 19, 28, 29, 7, 9, 11, 30, 2] = 0.25  64.73
y[2, 9, 11, 24, 22, 6, 26, 2] = 0.25  44.46
y[3, 18, 10, 13, 21, 12, 3] = 0.5  38.12
y[2, 11, 30, 22, 6, 24, 2] = 0.25  45.14
y[3, 15, 22, 27, 25, 8, 3] = 0.5  66.16
y[3, 20, 17, 16, 23, 14, 3] = 0.5  68.26
y[2, 19, 28, 29, 7, 2] = 0.75  42.54
y[3, 23, 14, 21, 12, 3] = 0.5  47.38
y[3, 10, 27, 25, 8, 13, 3] = 0.5  62.84
y[2, 9, 30, 24, 6, 26, 2] = 0.25  38.4
y[2, 9, 11, 30, 24, 6, 2] = 0.25  34.98
true  92

==3==
length of routes pool = 21482
LP Objective Value = 375.34,   sum y = 5.1
x[[1, 2, 4, 3, 1]]     117.97
y[2, 9, 30, 24, 26, 15, 3] = 0.1  39.82
y[3, 16, 17, 20, 15, 26, 18, 3] = 0.5  54.41
y[2, 19, 28, 29, 7, 9, 11, 30, 2] = 0.1  64.73
y[2, 9, 11, 24, 22, 6, 26, 2] = 0.1  44.46
y[3, 18, 10, 13, 21, 12, 3] = 0.4  38.12
y[2, 9, 11, 30, 24, 26, 2] = 0.2  37.66
y[3, 26, 6, 22, 8, 13, 3] = 0.1  59.82
y[2, 11, 30, 22, 6, 24, 2] = 0.1  45.14
y[3, 15, 22, 27, 25, 8, 3] = 0.4  66.16
y[3, 20, 17, 16, 23, 14, 3] = 0.5  68.26
y[2, 19, 28, 29, 7, 2] = 0.9  42.54
y[3, 10, 8, 25, 27, 22, 6, 3] = 0.2  63.97
y[3, 18, 10, 13, 21, 3] = 0.1  37.61
y[3, 23, 14, 21, 12, 3] = 0.5  47.38
y[3, 10, 27, 25, 8, 13, 3] = 0.3  62.84
y[2, 9, 11, 30, 24, 6, 2] = 0.5  34.98
y[3, 12, 13, 25, 27, 22, 2] = 0.1  65.18
true  64

==4==
length of routes pool = 21546
LP Objective Value = 375.34,   sum y = 5.1
x[[1, 2, 4, 3, 1]]     117.97
y[2, 9, 30, 24, 26, 15, 3] = 0.1  39.82
y[3, 16, 17, 20, 15, 26, 18, 3] = 0.5  54.41
y[2, 19, 28, 29, 7, 9, 11, 30, 2] = 0.1  64.73
y[2, 9, 11, 24, 22, 6, 26, 2] = 0.1  44.46
y[3, 18, 10, 13, 21, 12, 3] = 0.4  38.12
y[2, 9, 11, 30, 24, 26, 2] = 0.2  37.66
y[3, 26, 6, 22, 8, 13, 3] = 0.1  59.82
y[2, 11, 30, 22, 6, 24, 2] = 0.1  45.14
y[3, 15, 22, 27, 25, 8, 3] = 0.4  66.16
y[3, 20, 17, 16, 23, 14, 3] = 0.5  68.26
y[2, 19, 28, 29, 7, 2] = 0.9  42.54
y[3, 10, 8, 25, 27, 22, 6, 3] = 0.2  63.97
y[3, 18, 10, 13, 21, 3] = 0.1  37.61
y[3, 23, 14, 21, 12, 3] = 0.5  47.38
y[3, 10, 27, 25, 8, 13, 3] = 0.3  62.84
y[2, 9, 11, 30, 24, 6, 2] = 0.5  34.98
y[3, 12, 13, 25, 27, 22, 2] = 0.1  65.18
true  44

==5==
length of routes pool = 21590
LP Objective Value = 375.34,   sum y = 5.1
x[[1, 2, 4, 3, 1]]     117.97
y[2, 9, 30, 24, 26, 15, 3] = 0.1  39.82
y[3, 16, 17, 20, 15, 26, 18, 3] = 0.5  54.41
y[2, 19, 28, 29, 7, 9, 11, 30, 2] = 0.1  64.73
y[2, 9, 11, 24, 22, 6, 26, 2] = 0.1  44.46
y[3, 18, 10, 13, 21, 12, 3] = 0.4  38.12
y[2, 9, 11, 30, 24, 26, 2] = 0.2  37.66
y[3, 26, 6, 22, 8, 13, 3] = 0.1  59.82
y[2, 11, 30, 22, 6, 24, 2] = 0.1  45.14
y[3, 15, 22, 27, 25, 8, 3] = 0.4  66.16
y[3, 20, 17, 16, 23, 14, 3] = 0.5  68.26
y[2, 19, 28, 29, 7, 2] = 0.9  42.54
y[3, 10, 8, 25, 27, 22, 6, 3] = 0.2  63.97
y[3, 18, 10, 13, 21, 3] = 0.1  37.61
y[3, 23, 14, 21, 12, 3] = 0.5  47.38
y[3, 10, 27, 25, 8, 13, 3] = 0.3  62.84
y[2, 9, 11, 30, 24, 6, 2] = 0.5  34.98
y[3, 12, 13, 25, 27, 22, 2] = 0.1  65.18
true  14

==6==
length of routes pool = 21604
LP Objective Value = 375.34,   sum y = 5.1
x[[1, 2, 4, 3, 1]]     117.97
y[2, 9, 30, 24, 26, 15, 3] = 0.1  39.82
y[3, 16, 17, 20, 15, 26, 18, 3] = 0.5  54.41
y[2, 19, 28, 29, 7, 9, 11, 30, 2] = 0.1  64.73
y[2, 9, 11, 24, 22, 6, 26, 2] = 0.1  44.46
y[3, 18, 10, 13, 21, 12, 3] = 0.4  38.12
y[2, 9, 11, 30, 24, 26, 2] = 0.2  37.66
y[3, 26, 6, 22, 8, 13, 3] = 0.1  59.82
y[2, 11, 30, 22, 6, 24, 2] = 0.1  45.14
y[3, 15, 22, 27, 25, 8, 3] = 0.4  66.16
y[3, 20, 17, 16, 23, 14, 3] = 0.5  68.26
y[2, 19, 28, 29, 7, 2] = 0.9  42.54
y[3, 10, 8, 25, 27, 22, 6, 3] = 0.2  63.97
y[3, 18, 10, 13, 21, 3] = 0.1  37.61
y[3, 23, 14, 21, 12, 3] = 0.5  47.38
y[3, 10, 27, 25, 8, 13, 3] = 0.3  62.84
y[2, 9, 11, 30, 24, 6, 2] = 0.5  34.98
y[3, 12, 13, 25, 27, 22, 2] = 0.1  65.18
true  1

==7==
length of routes pool = 21605
LP Objective Value = 375.34,   sum y = 5.1
x[[1, 2, 4, 3, 1]]     117.97
y[2, 9, 30, 24, 26, 15, 3] = 0.1  39.82
y[3, 16, 17, 20, 15, 26, 18, 3] = 0.5  54.41
y[2, 19, 28, 29, 7, 9, 11, 30, 2] = 0.1  64.73
y[2, 9, 11, 24, 22, 6, 26, 2] = 0.1  44.46
y[3, 18, 10, 13, 21, 12, 3] = 0.4  38.12
y[2, 9, 11, 30, 24, 26, 2] = 0.2  37.66
y[3, 26, 6, 22, 8, 13, 3] = 0.1  59.82
y[2, 11, 30, 22, 6, 24, 2] = 0.1  45.14
y[3, 15, 22, 27, 25, 8, 3] = 0.4  66.16
y[3, 20, 17, 16, 23, 14, 3] = 0.5  68.26
y[2, 19, 28, 29, 7, 2] = 0.9  42.54
y[3, 10, 8, 25, 27, 22, 6, 3] = 0.2  63.97
y[3, 18, 10, 13, 21, 3] = 0.1  37.61
y[3, 23, 14, 21, 12, 3] = 0.5  47.38
y[3, 10, 27, 25, 8, 13, 3] = 0.3  62.84
y[2, 9, 11, 30, 24, 6, 2] = 0.5  34.98
y[3, 12, 13, 25, 27, 22, 2] = 0.1  65.18
false  0
MILP Result:
377.17
[1, 2, 4, 3, 1]    117.97
[2, 19, 28, 29, 7, 9, 2]   49.43
[2, 11, 30, 22, 6, 24, 2]   45.14
[3, 23, 14, 21, 12, 3]   47.38
[3, 10, 27, 25, 8, 13, 3]   62.84
[3, 16, 17, 20, 15, 26, 18, 3]   54.41
Start column generation for root node of [1, 2, 4, 1]

==1==
length of routes pool = 22915
LP Objective Value = 431.05,   sum y = 5.0
x[[1, 2, 4, 1]]     117.96
y[2, 15, 12, 14, 21, 13, 10, 2] = 0.33  75.01
y[2, 9, 2] = 0.33  7.21
y[2, 10, 13, 21, 23, 16, 20, 2] = 0.33  104.54
y[2, 19, 28, 17, 29, 7, 2] = 1.0  58.85
y[2, 15, 10, 13, 21, 18, 2] = 0.33  72.59
y[2, 11, 30, 24, 26, 15, 2] = 0.33  43.25
y[2, 22, 27, 25, 8, 6, 2] = 1.0  67.64
y[2, 18, 12, 14, 23, 16, 20, 2] = 0.67  90.94
y[2, 9, 11, 30, 24, 26, 2] = 0.67  37.66
false  0
MILP Result:
437.9
[1, 2, 4, 1]    117.96
[2, 17, 16, 23, 18, 20, 2]   97.08
[2, 19, 28, 29, 7, 2]   42.54
[2, 22, 27, 25, 8, 6, 2]   67.64
[2, 15, 12, 14, 21, 13, 10, 2]   75.01
[2, 9, 11, 30, 24, 26, 2]   37.66
Start column generation for root node of [1, 2, 4, 5, 1]

==1==
length of routes pool = 26210
LP Objective Value = 399.54,   sum y = 5.0
x[[1, 2, 4, 5, 1]]     120.06
y[5, 23, 13, 10, 18, 12, 5] = 0.44  64.58
y[2, 22, 27, 25, 13, 10, 2] = 0.19  80.69
y[5, 23, 21, 14, 5] = 0.44  39.3
y[5, 18, 12, 21, 14, 5] = 0.56  43.12
y[2, 9, 11, 30, 24, 26, 2] = 0.37  37.66
y[2, 19, 28, 17, 16, 20, 15, 26, 2] = 0.12  81.59
y[2, 9, 11, 24, 6, 26, 15, 2] = 0.13  39.77
y[2, 15, 10, 13, 8, 25, 2] = 0.19  72.12
y[2, 9, 30, 24, 26, 15, 2] = 0.13  43.13
y[5, 23, 5] = 0.12  16.0
y[2, 19, 28, 29, 7, 2] = 0.12  42.54
y[2, 7, 29, 17, 16, 20, 15, 26, 2] = 0.12  62.91
y[2, 22, 27, 8, 13, 10, 15, 2] = 0.19  81.86
y[2, 9, 11, 30, 24, 6, 2] = 0.25  34.98
y[2, 11, 30, 24, 26, 15, 2] = 0.13  43.25
y[2, 30, 11, 9, 2] = 0.12  22.51
y[2, 22, 27, 25, 8, 6, 2] = 0.62  67.64
y[2, 19, 28, 17, 16, 20, 29, 7, 2] = 0.75  75.57
true  569

==2==
length of routes pool = 26779
LP Objective Value = 397.12,   sum y = 5.0
x[[1, 2, 4, 5, 1]]     120.06
y[5, 23, 13, 10, 18, 12, 5] = 0.27  64.58
y[2, 6, 27, 25, 8, 13, 10, 2] = 0.33  81.38
y[2, 7, 19, 28, 29, 17, 16, 20, 15, 2] = 0.6  82.74
y[5, 23, 21, 14, 5] = 0.27  39.3
y[5, 18, 12, 21, 14, 5] = 0.73  43.12
y[2, 9, 11, 30, 24, 26, 2] = 0.83  37.66
y[2, 15, 10, 13, 25, 22, 2] = 0.2  73.08
y[2, 11, 30, 22, 6, 26, 2] = 0.03  46.92
y[2, 11, 30, 22, 6, 24, 2] = 0.03  45.14
y[5, 23, 5] = 0.47  16.0
y[2, 22, 27, 8, 13, 10, 15, 2] = 0.2  81.86
y[2, 9, 11, 24, 22, 6, 26, 2] = 0.07  44.46
y[2, 9, 30, 24, 6, 26, 2] = 0.07  38.4
y[2, 30, 11, 9, 2] = 0.03  22.51
y[2, 22, 27, 25, 8, 6, 2] = 0.47  67.64
y[2, 19, 28, 17, 16, 20, 29, 7, 2] = 0.4  75.57
true  300

==3==
length of routes pool = 27079
LP Objective Value = 397.04,   sum y = 5.0
x[[1, 2, 4, 5, 1]]     120.06
y[5, 23, 13, 10, 18, 12, 5] = 0.19  64.58
y[2, 6, 27, 25, 8, 13, 10, 2] = 0.24  81.38
y[5, 16, 17, 20, 18, 12, 14, 5] = 0.29  61.97
y[2, 7, 19, 28, 29, 17, 16, 20, 15, 2] = 0.71  82.74
y[5, 23, 21, 14, 5] = 0.48  39.3
y[5, 18, 12, 21, 14, 5] = 0.24  43.12
y[2, 9, 11, 30, 24, 26, 2] = 0.88  37.66
y[2, 10, 8, 25, 27, 22, 6, 2] = 0.29  74.78
y[2, 15, 10, 13, 25, 22, 2] = 0.14  73.08
y[2, 11, 30, 22, 6, 26, 2] = 0.02  46.92
y[2, 11, 30, 22, 6, 24, 2] = 0.02  45.14
y[5, 23, 5] = 0.33  16.0
y[2, 19, 28, 29, 7, 2] = 0.29  42.54
y[2, 22, 27, 8, 13, 10, 15, 2] = 0.14  81.86
y[2, 9, 11, 24, 22, 6, 26, 2] = 0.05  44.46
y[2, 9, 30, 24, 6, 26, 2] = 0.05  38.4
y[5, 12, 18, 13, 21, 5] = 0.29  56.49
y[2, 30, 11, 9, 2] = 0.02  22.51
y[2, 22, 27, 25, 8, 6, 2] = 0.33  67.64
true  82

==4==
length of routes pool = 27161
LP Objective Value = 397.04,   sum y = 5.0
x[[1, 2, 4, 5, 1]]     120.06
y[5, 23, 13, 10, 18, 12, 5] = 0.19  64.58
y[2, 6, 27, 25, 8, 13, 10, 2] = 0.24  81.38
y[5, 16, 17, 20, 18, 12, 14, 5] = 0.29  61.97
y[2, 7, 19, 28, 29, 17, 16, 20, 15, 2] = 0.71  82.74
y[5, 23, 21, 14, 5] = 0.48  39.3
y[5, 18, 12, 21, 14, 5] = 0.24  43.12
y[2, 9, 11, 30, 24, 26, 2] = 0.88  37.66
y[2, 10, 8, 25, 27, 22, 6, 2] = 0.29  74.78
y[2, 15, 10, 13, 25, 22, 2] = 0.14  73.08
y[2, 11, 30, 22, 6, 26, 2] = 0.02  46.92
y[2, 11, 30, 22, 6, 24, 2] = 0.02  45.14
y[5, 23, 5] = 0.33  16.0
y[2, 19, 28, 29, 7, 2] = 0.29  42.54
y[2, 22, 27, 8, 13, 10, 15, 2] = 0.14  81.86
y[2, 9, 11, 24, 22, 6, 26, 2] = 0.05  44.46
y[2, 9, 30, 24, 6, 26, 2] = 0.05  38.4
y[5, 12, 18, 13, 21, 5] = 0.29  56.49
y[2, 30, 11, 9, 2] = 0.02  22.51
y[2, 22, 27, 25, 8, 6, 2] = 0.33  67.64
false  0
MILP Result:
403.97
[1, 2, 4, 5, 1]    120.06
[2, 22, 27, 25, 8, 6, 2]   67.64
[5, 14, 21, 5]   31.3
[5, 23, 13, 10, 18, 12, 5]   64.58
[2, 9, 11, 30, 24, 26, 2]   37.66
[2, 7, 19, 28, 29, 17, 16, 20, 15, 2]   82.74
Start column generation for root node of [1, 4, 2, 3, 1]

==1==
length of routes pool = 18116
LP Objective Value = 398.12,   sum y = 5.0
x[[1, 4, 2, 3, 1]]     118.07
y[3, 18, 22, 24, 6, 26, 3] = 1.0  48.9
y[3, 23, 14, 21, 12, 3] = 1.0  47.38
y[3, 10, 27, 25, 8, 13, 3] = 1.0  62.84
y[3, 16, 17, 20, 29, 28, 19, 7, 15, 3] = 1.0  86.16
y[4, 30, 11, 9, 4] = 1.0  34.77
true  296

==2==
length of routes pool = 18412
LP Objective Value = 398.12,   sum y = 5.0
x[[1, 4, 2, 3, 1]]     118.07
y[3, 18, 22, 24, 6, 26, 3] = 1.0  48.9
y[3, 23, 14, 21, 12, 3] = 1.0  47.38
y[3, 10, 27, 25, 8, 13, 3] = 1.0  62.84
y[3, 16, 17, 20, 29, 28, 19, 7, 15, 3] = 1.0  86.16
y[4, 30, 11, 9, 4] = 1.0  34.77
true  36

==3==
length of routes pool = 18448
LP Objective Value = 398.12,   sum y = 5.0
x[[1, 4, 2, 3, 1]]     118.07
y[3, 18, 22, 24, 6, 26, 3] = 1.0  48.9
y[3, 23, 14, 21, 12, 3] = 1.0  47.38
y[3, 10, 27, 25, 8, 13, 3] = 1.0  62.84
y[3, 16, 17, 20, 29, 28, 19, 7, 15, 3] = 1.0  86.16
y[4, 30, 11, 9, 4] = 1.0  34.77
false  0
Integer Solution Found  398.1180100995578
Start column generation for root node of [1, 4, 3, 2, 5, 1]

==1==
length of routes pool = 21411
LP Objective Value = 430.77,   sum y = 5.33
x[[1, 4, 3, 2, 5, 1]]     162.91
y[3, 20, 7, 9, 11, 30, 24, 6, 3] = 0.22  63.44
y[3, 12, 13, 25, 27, 22, 3] = 0.22  66.97
y[3, 18, 10, 13, 21, 3] = 0.11  37.61
y[3, 26, 6, 22, 8, 13, 3] = 0.22  59.82
y[3, 16, 17, 29, 28, 19, 7, 15, 3] = 0.5  81.59
y[3, 10, 8, 25, 27, 22, 6, 3] = 0.56  63.97
y[3, 10, 27, 25, 8, 13, 3] = 0.22  62.84
y[3, 26, 24, 30, 11, 9, 7, 20, 3] = 0.28  63.45
y[3, 13, 21, 14, 3] = 0.11  37.74
y[5, 23, 5] = 1.0  16.0
y[3, 26, 24, 30, 11, 9, 3] = 0.5  56.47
y[3, 18, 12, 21, 14, 3] = 0.78  25.24
y[3, 15, 20, 29, 19, 28, 17, 16, 3] = 0.5  82.11
y[3, 18, 10, 13, 14, 3] = 0.11  39.32
true  36

==2==
length of routes pool = 21447
LP Objective Value = 430.62,   sum y = 5.31
x[[1, 4, 3, 2, 5, 1]]     162.91
y[3, 20, 7, 9, 11, 30, 24, 6, 3] = 0.08  63.44
y[3, 12, 13, 25, 27, 22, 3] = 0.15  66.97
y[3, 18, 10, 13, 21, 3] = 0.23  37.61
y[3, 18, 21, 14, 3] = 0.15  24.87
y[3, 16, 17, 29, 28, 19, 7, 15, 3] = 0.5  81.59
y[3, 12, 13, 8, 27, 22, 6, 3] = 0.15  69.29
y[3, 10, 8, 25, 27, 22, 6, 3] = 0.62  63.97
y[3, 14, 21, 13, 12, 3] = 0.08  37.85
y[3, 12, 13, 8, 25, 27, 10, 3] = 0.08  62.95
y[3, 26, 24, 30, 11, 9, 7, 20, 3] = 0.42  63.45
y[5, 23, 5] = 1.0  16.0
y[3, 20, 29, 19, 28, 17, 16, 3] = 0.08  76.68
y[3, 26, 24, 30, 11, 9, 3] = 0.42  56.47
y[3, 26, 6, 30, 11, 9, 15, 3] = 0.08  57.31
y[3, 26, 6, 24, 22, 13, 3] = 0.08  61.37
y[3, 18, 12, 21, 14, 3] = 0.54  25.24
y[3, 15, 20, 29, 19, 28, 17, 16, 3] = 0.42  82.11
y[3, 18, 10, 13, 14, 3] = 0.08  39.32
y[3, 25, 8, 13, 14, 3] = 0.15  54.12
true  9

==3==
length of routes pool = 21456
LP Objective Value = 430.62,   sum y = 5.31
x[[1, 4, 3, 2, 5, 1]]     162.91
y[3, 20, 7, 9, 11, 30, 24, 6, 3] = 0.08  63.44
y[3, 12, 13, 25, 27, 22, 3] = 0.15  66.97
y[3, 18, 10, 13, 21, 3] = 0.23  37.61
y[3, 18, 21, 14, 3] = 0.15  24.87
y[3, 16, 17, 29, 28, 19, 7, 15, 3] = 0.5  81.59
y[3, 12, 13, 8, 27, 22, 6, 3] = 0.15  69.29
y[3, 10, 8, 25, 27, 22, 6, 3] = 0.62  63.97
y[3, 14, 21, 13, 12, 3] = 0.08  37.85
y[3, 12, 13, 8, 25, 27, 10, 3] = 0.08  62.95
y[3, 26, 24, 30, 11, 9, 7, 20, 3] = 0.42  63.45
y[5, 23, 5] = 1.0  16.0
y[3, 20, 29, 19, 28, 17, 16, 3] = 0.08  76.68
y[3, 26, 24, 30, 11, 9, 3] = 0.42  56.47
y[3, 26, 6, 30, 11, 9, 15, 3] = 0.08  57.31
y[3, 26, 6, 24, 22, 13, 3] = 0.08  61.37
y[3, 18, 12, 21, 14, 3] = 0.54  25.24
y[3, 15, 20, 29, 19, 28, 17, 16, 3] = 0.42  82.11
y[3, 18, 10, 13, 14, 3] = 0.08  39.32
y[3, 25, 8, 13, 14, 3] = 0.15  54.12
false  0
MILP Result:
432.32
[1, 4, 3, 2, 5, 1]    162.91
[3, 18, 3]   8.94
[5, 23, 5]   16.0
[3, 10, 8, 25, 27, 22, 6, 3]   63.97
[3, 16, 17, 20, 29, 28, 19, 7, 15, 3]   86.16
[3, 26, 24, 30, 11, 9, 3]   56.47
[3, 14, 21, 13, 12, 3]   37.85
Start column generation for root node of [1, 4, 2, 5, 1]

==1==
length of routes pool = 23247
LP Objective Value = 449.66,   sum y = 5.0
x[[1, 4, 2, 5, 1]]     119.9
y[5, 16, 17, 20, 15, 26, 18, 5] = 0.36  69.09
y[5, 13, 25, 27, 22, 10, 5] = 0.28  90.21
y[5, 18, 12, 21, 14, 5] = 0.16  43.12
y[5, 8, 25, 27, 22, 6, 10, 5] = 0.08  92.46
y[5, 13, 8, 25, 27, 10, 12, 5] = 0.36  85.05
y[4, 30, 11, 9, 7, 19, 28, 4] = 0.4  69.73
y[4, 24, 8, 25, 22, 4] = 0.24  74.47
y[4, 28, 19, 29, 26, 6, 24, 9, 4] = 0.12  86.91
y[5, 14, 13, 8, 25, 5] = 0.04  70.24
y[4, 30, 11, 9, 4] = 0.08  34.77
y[5, 23, 21, 14, 5] = 0.8  39.3
y[5, 16, 17, 29, 28, 19, 7, 15, 20, 5] = 0.08  102.32
y[4, 19, 29, 17, 16, 20, 7, 9, 4] = 0.12  82.76
y[5, 16, 17, 20, 15, 18, 12, 5] = 0.44  63.1
y[5, 23, 5] = 0.2  16.0
y[4, 30, 24, 26, 15, 7, 9, 4] = 0.12  64.88
y[4, 28, 29, 26, 6, 24, 11, 4] = 0.24  81.22
y[4, 30, 24, 22, 6, 4] = 0.12  57.13
y[4, 19, 29, 7, 11, 30, 4] = 0.28  58.31
y[5, 13, 8, 27, 22, 6, 10, 5] = 0.28  94.26
y[5, 12, 18, 13, 21, 5] = 0.04  56.49
y[4, 28, 29, 26, 6, 24, 9, 4] = 0.16  83.14
true  984

==2==
length of routes pool = 24231
LP Objective Value = 440.4,   sum y = 5.0
x[[1, 4, 2, 5, 1]]     119.9
y[5, 16, 17, 20, 15, 26, 18, 5] = 1.0  69.09
y[5, 13, 8, 25, 27, 10, 12, 5] = 1.0  85.05
y[4, 11, 9, 7, 29, 28, 19, 4] = 1.0  69.94
y[5, 23, 21, 14, 5] = 1.0  39.3
y[4, 30, 24, 22, 6, 4] = 1.0  57.13
true  648

==3==
length of routes pool = 24879
LP Objective Value = 437.23,   sum y = 5.0
x[[1, 4, 2, 5, 1]]     119.9
y[5, 16, 17, 20, 15, 26, 18, 5] = 0.68  69.09
y[5, 18, 12, 21, 14, 5] = 0.21  43.12
y[5, 8, 25, 27, 22, 6, 10, 5] = 0.11  92.46
y[4, 19, 7, 29, 20, 15, 26, 6, 24, 4] = 0.11  78.37
y[4, 9, 11, 24, 22, 6, 7, 19, 28, 4] = 0.11  92.74
y[5, 13, 8, 25, 27, 10, 12, 5] = 0.79  85.05
y[4, 19, 28, 29, 7, 9, 11, 30, 4] = 0.58  74.46
y[4, 11, 22, 8, 25, 27, 4] = 0.11  82.73
y[4, 28, 19, 29, 26, 6, 24, 9, 4] = 0.05  86.91
y[4, 28, 29, 7, 9, 24, 22, 4] = 0.11  92.46
y[5, 16, 17, 29, 28, 19, 7, 15, 5] = 0.11  96.94
y[5, 14, 21, 13, 5] = 0.21  50.26
y[5, 23, 21, 14, 5] = 0.47  39.3
y[5, 23, 5] = 0.53  16.0
y[4, 9, 6, 22, 24, 11, 4] = 0.16  57.8
y[4, 28, 19, 29, 26, 6, 24, 11, 4] = 0.05  84.99
y[5, 16, 17, 20, 18, 21, 5] = 0.11  65.38
y[5, 16, 17, 20, 15, 26, 10, 14, 5] = 0.11  72.33
y[4, 30, 24, 22, 6, 4] = 0.42  57.13
true  395

==4==
length of routes pool = 25274
LP Objective Value = 435.44,   sum y = 5.0
x[[1, 4, 2, 5, 1]]     119.9
y[5, 16, 17, 20, 15, 26, 18, 5] = 0.57  69.09
y[5, 13, 25, 27, 22, 10, 5] = 0.14  90.21
y[5, 13, 8, 25, 27, 10, 12, 5] = 0.71  85.05
y[4, 19, 28, 29, 7, 9, 11, 30, 4] = 0.71  74.46
y[4, 9, 11, 24, 22, 6, 26, 4] = 0.14  65.56
y[4, 24, 8, 25, 22, 4] = 0.14  74.47
y[5, 16, 17, 20, 18, 12, 14, 5] = 0.14  61.97
y[5, 23, 21, 14, 5] = 0.57  39.3
y[5, 16, 17, 20, 15, 18, 12, 5] = 0.14  63.1
y[5, 23, 5] = 0.43  16.0
y[4, 9, 6, 22, 24, 11, 4] = 0.14  57.8
y[5, 16, 17, 20, 18, 21, 5] = 0.14  65.38
y[5, 14, 21, 5] = 0.29  31.3
y[4, 30, 24, 22, 6, 4] = 0.29  57.13
y[5, 13, 8, 27, 22, 6, 10, 5] = 0.14  94.26
y[4, 19, 28, 29, 7, 15, 26, 6, 24, 4] = 0.29  90.05
true  216

==5==
length of routes pool = 25490
LP Objective Value = 435.44,   sum y = 5.0
x[[1, 4, 2, 5, 1]]     119.9
y[5, 16, 17, 20, 15, 26, 18, 5] = 0.57  69.09
y[5, 13, 25, 27, 22, 10, 5] = 0.14  90.21
y[5, 13, 8, 25, 27, 10, 12, 5] = 0.71  85.05
y[4, 19, 28, 29, 7, 9, 11, 30, 4] = 0.71  74.46
y[4, 9, 11, 24, 22, 6, 26, 4] = 0.14  65.56
y[4, 24, 8, 25, 22, 4] = 0.14  74.47
y[5, 16, 17, 20, 18, 12, 14, 5] = 0.14  61.97
y[5, 23, 21, 14, 5] = 0.57  39.3
y[5, 16, 17, 20, 15, 18, 12, 5] = 0.14  63.1
y[5, 23, 5] = 0.43  16.0
y[4, 9, 6, 22, 24, 11, 4] = 0.14  57.8
y[5, 16, 17, 20, 18, 21, 5] = 0.14  65.38
y[5, 14, 21, 5] = 0.29  31.3
y[4, 30, 24, 22, 6, 4] = 0.29  57.13
y[5, 13, 8, 27, 22, 6, 10, 5] = 0.14  94.26
y[4, 19, 28, 29, 7, 15, 26, 6, 24, 4] = 0.29  90.05
false  0
MILP Result:
440.4
[1, 4, 2, 5, 1]    119.9
[4, 30, 24, 22, 6, 4]   57.13
[5, 23, 21, 14, 5]   39.3
[5, 16, 17, 20, 15, 26, 18, 5]   69.09
[5, 13, 8, 25, 27, 10, 12, 5]   85.05
[4, 11, 9, 7, 29, 28, 19, 4]   69.94
Lower bound= 464.9   [1, 2, 3, 1]    parkings: Set([3])
Lower bound= 493.31   [1, 2, 4, 3, 1]    parkings: Set([2, 3])
Lower bound= 496.83   [1, 2, 1]    parkings: Set([2])
Lower bound= 517.11   [1, 2, 4, 5, 1]    parkings: Set([5, 2])
Lower bound= 544.37   [1, 2, 5, 1]    parkings: Set([5])
Lower bound= 549.0   [1, 2, 4, 1]    parkings: Set([4, 2])
Lower bound= 555.34   [1, 4, 2, 5, 1]    parkings: Set([5, 4])
Lower bound= 593.53   [1, 4, 3, 2, 5, 1]    parkings: Set([5, 3])
Lower bound= 663.22   [1, 4, 1]    parkings: Set([4])
min value exceed UB

Total Execution time = 0.0

time spent in soving root node = 0.0, takes percentage of 0.0%
time spent in branching decision = 0.0, takes percentage of 0.0%
time spent in solving child node = 0.0, takes percentage of 0.0%

time spent in filtering = 0.0, takes percentage of 0.0%
time spent in solving column generation = 0.0, takes percentage of 0.0%
   - time spent in solving pricing = 12.63, takes percentage of Inf%
   - time spent in building model = 3.61, takes percentage of Inf%
   - time spent in adding columns = 3.57, takes percentage of Inf%
   - time spent in solving RMP = 0.37, takes percentage of Inf%
   - time spent in output = 0.7, takes percentage of Inf%

deepest node dived to level 0

Current optimal solution 377.17 found in interation 0 in level 0:
[1, 2, 4, 3, 1]  117.97
[2, 19, 28, 29, 7, 9, 2]  49.43
[2, 11, 30, 22, 6, 24, 2]  45.14
[3, 23, 14, 21, 12, 3]  47.38
[3, 10, 27, 25, 8, 13, 3]  62.84
[3, 16, 17, 20, 15, 26, 18, 3]  54.41
